0.145356 0.145356 0.145356 0.145356 0.145356 0.145356 0.145356 0.145356 0.145356 0.145356 0.145356 0.145356 0.145356 0.145356 0.145356 0.145356 
0.145356 0.145356 0.145356 0.145356 0.145356 0.145356 0.145356 0.145356 0.145356 0.145356 0.145356 0.145356 0.145356 0.145356 0.145356 0.145356 
0.145356 0.145356 0.145356 0.145356 0.145356 0.145356 0.145356 0.145356 0.145356 0.145356 0.145356 0.145356 0.145356 0.145356 0.145356 0.145356 
0.145356 0.145356 0.145356 0.145356 0.145356 0.145356 0.145356 0.145356 0.145356 0.145356 0.145356 0.145356 0.145356 0.145356 0.145356 0.145356 
0.145356 0.145356 0.145356 0.145356 0.145356 0.145356 0.145356 0.145356 0.145356 0.145356 0.145356 0.145356 0.145356 0.145356 0.145356 0.145356 
0.145356 0.145356 0.145356 0.145356 0.145356 0.145356 0.145356 0.145356 0.145356 0.145356 0.145356 0.145356 0.145356 0.145356 0.145356 0.145356 
0.145356 0.145356 0.145356 0.145356 0.145356 0.145356 0.145356 0.145356 0.145356 0.145356 0.145356 0.145356 0.145356 0.145356 0.145356 0.145356 
0.145356 0.145356 0.145356 0.145356 0.145356 0.145356 0.145356 0.145356 0.145356 0.145356 0.145356 0.145356 0.145356 0.145356 0.145356 0.145356 
0.145356 0.145356 0.145356 0.145356 0.145356 0.145356 0.145356 0.145356 0.145356 0.145356 0.145356 0.145356 0.145356 0.145356 0.145356 0.145356 
0.145356 0.145356 0.145356 0.145356 0.145356 0.145356 0.145356 0.145356 0.145356 0.145356 0.145356 0.145356 0.145356 0.145356 0.145356 0.145356 
0.145356 0.145356 0.145356 0.145356 0.145356 0.145356 0.145356 0.145356 0.145356 0.145356 0.145356 0.145356 0.145356 0.145356 0.145356 0.145356 
0.145356 0.145356 0.145356 0.145356 0.145356 0.145356 0.145356 0.145356 0.145356 0.145356 0.145356 0.145356 0.145356 0.145356 0.145356 0.145356 
0.145356 0.145356 0.145356 0.145356 0.145356 0.145356 0.145356 0.145356 0.145356 0.145356 0.145356 0.145356 0.145356 0.145356 0.145356 0.145356 
0.145356 0.145356 0.145356 0.145356 0.145356 0.145356 0.145356 0.145356 0.145356 0.145356 0.145356 0.145356 0.145356 0.145356 0.145356 0.145356 
0.145356 0.145356 0.145356 0.145356 0.145356 0.145356 0.145356 0.145356 0.145356 0.145356 0.145356 0.145356 0.145356 0.145356 0.145356 0.145356 
0.145356 0.145356 0.145356 0.145356 0.145356 0.145356 0.145356 0.145356 0.145356 0.145356 0.145356 0.145356 0.145356 0.145356 0.145356 1.37883 
