0
0
0.191298
0.133057
0
0.0096851
0
0
0.439134
0
0.0236502
0.959232
0.0328573
0.312709
0.0432436
0.369016
0
0
0
0
0
0
0.526342
0
0
0
0.320572
0
0.606793
0
0.298313
0
0
0
0
0
0
0
0
0
0
1.22462
0
0.275323
0.651378
0
0.184152
0.917995
0
0
0
0.700062
0
0
0
0.339966
0
0.300586
0
0.616496
0.349321
0
0
0
0
0
0.932954
0.204144
0.0268953
0
0
0.398869
0
0.763743
0
0.49866
0
0
0.400916
0
0
0
0
0
0
0
0
0
0.417361
0
0
0
0
0.25725
0.0164059
0
0.0857
0.161083
0.146533
0
0
0
0.125213
0
0.431077
0
0.425292
0
0
0.34036
0
0
0
0
0.277094
0
0
0
0.274739
0
0
0.215992
0.210939
0
0.174841
0.824764
0
0
0
0
0.123267
0.192254
0
0
0
0.439657
0.62375
0
0.259441
0
0
0
0
0.159248
0
0
0.102139
0
0
0
0.620544
0
0
0
0
0
0
0
0
0
0.225761
0.949064
0
0
0.638572
0
0
0.00596339
0
0
0
0
0
0.0614647
0
0
0
0
0
0
0
0
0.482987
0
0.454774
0.0489426
0.840567
0
0
0.457219
0
1.40853

0
0
0
0
0
0
0.06955
0
0
0
0
0.569283
0
0.320188
0
0.728462
0
0
0
0
0
0
0
0
0
0.170241
0.591367
0
0.605558
0
0.06073
0
0
0
0
0
0
0
0.129063
0
0
0.655329
0
0.242801
0.477634
0
0.850293
0.221083
0
0
0
1.03589
0
0.377769
0
0
0
0
0
0
0.380669
0
0
0
0
0
0.692747
0
0
0
0
0.301118
0
0
0
0
0
0
0.614136
0
0
0
0
0
0
0
0
0
0.270115
0
0
0
0
0.561635
0
0
0.0485141
0
0
0.251573
0.842692
0
0
0
0.625798
0
1.18238
0
0
0
0
0
0
0
0.129141
0
0
0
0.973339
0
0
0
0.0112513
0
0
0.845139
0
0
0
0
0
0
0
0
0
0
0.699484
0.469695
0.0509263
0.0394679
0
0
0.0446459
0.126473
0
0
0
0
0
0
0.690415
0
0
0.213978
0.00816399
0
0.183273
0
0
0
0.418292
0
0
0
0
0
0
0.0922294
0
0
0
0.106616
0
0
0
0
0
0.0699088
0
0
0
0
0
0
0.0889353
0
1.16552
0
0
0.699634
0
1.28959

0
0
0
0
0
0
0.0635307
0
0
0
0
0.569283
0
0.320188
0
0.542175
0
0
0
0
0
0
0
0
0
0.170241
0.591367
0
0.605558
0
0.06073
0
0
0
0
0
0
0
0
0
0
0.493602
0
0.242801
0.477634
0
0.822803
0.0432387
0
0
0
0.518213
0
0.377769
0
0
0
0
0
0
0.163393
0
0
0
0
0
0.692747
0
0
0
0
0.235949
0
0
0
0
0
0
0.323094
0
0
0
0
0
0
0
0
0
0.270115
0
0
0
0
0.187741
0
0
0.0485141
0
0
0
0.0387179
0
0
0
0.380303
0
1.18238
0
0
0
0
0
0
0
0.129141
0
0
0
0.973339
0
0
0
0.0112513
0
0
0.543149
0
0
0
0
0
0
0
0
0
0
0.699484
0.0101955
0.0509263
0
0
0
0
0
0
0
0
0
0
0
0.359726
0
0
0.213978
0.00816399
0
0
0
0
0
0.259751
0
0
0
0
0
0
0.0922294
0
0
0
0.106616
0
0
0
0
0
0.0699088
0
0
0
0
0
0
0
0
0.949802
0
0
0.649263
0
1.28959

0
0
0
0
0
0
0.0635307
0
0
0
0
0.569283
0
0.320188
0
0.542175
0
0
0
0
0
0
0
0
0
0.170241
0.591367
0
0.605558
0
0.06073
0
0
0
0
0
0
0
0
0
0
0.493602
0
0.242801
0.477634
0
0.822803
0.0432387
0
0
0
0.518213
0
0.377769
0
0
0
0
0
0
0.163393
0
0
0
0
0
0.692747
0
0
0
0
0.235949
0
0
0
0
0
0
0.323094
0
0
0
0
0
0
0
0
0
0.270115
0
0
0
0
0.187741
0
0
0.0485141
0
0
0
0.0387179
0
0
0
0.380303
0
1.18238
0
0
0
0
0
0
0
0.129141
0
0
0
0.973339
0
0
0
0.0112513
0
0
0.543149
0
0
0
0
0
0
0
0
0
0
0.699484
0.0101955
0.0509263
0
0
0
0
0
0
0
0
0
0
0
0.359726
0
0
0.213978
0.00816399
0
0
0
0
0
0.259751
0
0
0
0
0
0
0.0922294
0
0
0
0.106616
0
0
0
0
0
0.0699088
0
0
0
0
0
0
0
0
0.949802
0
0
0.649263
0
1.28959

0
0
0
0
0
0
0.0635307
0
0
0
0
0.569283
0
0.320188
0
0.542175
0
0
0
0
0
0
0
0
0
0.170241
0.591367
0
0.605558
0
0.06073
0
0
0
0
0
0
0
0
0
0
0.493602
0
0.242801
0.477634
0
0.822803
0.0432387
0
0
0
0.518213
0
0.377769
0
0
0
0
0
0
0.163393
0
0
0
0
0
0.692747
0
0
0
0
0.235949
0
0
0
0
0
0
0.323094
0
0
0
0
0
0
0
0
0
0.270115
0
0
0
0
0.187741
0
0
0.0485141
0
0
0
0.0387179
0
0
0
0.380303
0
1.18238
0
0
0
0
0
0
0
0.129141
0
0
0
0.973339
0
0
0
0.0112513
0
0
0.543149
0
0
0
0
0
0
0
0
0
0
0.699484
0.0101955
0.0509263
0
0
0
0
0
0
0
0
0
0
0
0.359726
0
0
0.213978
0.00816399
0
0
0
0
0
0.259751
0
0
0
0
0
0
0.0922294
0
0
0
0.106616
0
0
0
0
0
0.0699088
0
0
0
0
0
0
0
0
0.949802
0
0
0.649263
0
1.28959

0
0
0
0
0
0
0.0635307
0
0
0
0
0.569283
0
0.320188
0
0.542175
0
0
0
0
0
0
0
0
0
0.170241
0.591367
0
0.605558
0
0.06073
0
0
0
0
0
0
0
0
0
0
0.493602
0
0.242801
0.477634
0
0.822803
0.0432387
0
0
0
0.518213
0
0.377769
0
0
0
0
0
0
0.163393
0
0
0
0
0
0.692747
0
0
0
0
0.235949
0
0
0
0
0
0
0.323094
0
0
0
0
0
0
0
0
0
0.270115
0
0
0
0
0.187741
0
0
0.0485141
0
0
0
0.0387179
0
0
0
0.380303
0
1.18238
0
0
0
0
0
0
0
0.129141
0
0
0
0.973339
0
0
0
0.0112513
0
0
0.543149
0
0
0
0
0
0
0
0
0
0
0.699484
0.0101955
0.0509263
0
0
0
0
0
0
0
0
0
0
0
0.359726
0
0
0.213978
0.00816399
0
0
0
0
0
0.259751
0
0
0
0
0
0
0.0922294
0
0
0
0.106616
0
0
0
0
0
0.0699088
0
0
0
0
0
0
0
0
0.949802
0
0
0.649263
0
1.28959

0
0
0
0.60216
0
0
0.0635307
0
0
0
0
0.626832
0
0.320188
0
0.542175
0
0
0
0
0
0
0.505602
0.0403127
0
0.264478
1.16465
0
0.605558
0
0.06073
0
0.296083
0
0
0
0
0
0
0
0
0.493602
0
0.242801
0.477634
0
0.852224
0.332125
0
0
0
0.518213
0
0.377769
0
0.0125883
0
0.425212
0
0
0.163393
0
0.0407058
0
0
0
0.692747
0
0
0
0
0.245833
0
0.15041
0
0
0
0
0.591696
0
0
0
0
0
0.312815
0
0
0
0.270115
0
0
0
0
0.187741
0.689002
0
0.0485141
0
0
0
0.0387179
0
0
0
0.380303
0
1.18238
0
0
0
0
0
0
0
0.129141
0
0
0
0.973339
0.230906
0
0.030993
0.0112513
0
0
0.543149
0
0
0
0
0
0
0
0
0
0.32582
0.699484
0.0101955
0.151806
0
0
0
0
0
0
0
0.0813406
0
0
0
0.697218
0
0
0.359707
0.177355
0
0
0
0
0
0.395817
0
0
0
0
0
0
0.309588
0
0
0
0.106616
0
0
0
0
0.0689682
0.831506
0
0
0
0
0
0
0.224553
0
0.949802
0
0
0.80376
0
1.28959

0
0
0
0.487202
0.0716649
0
0
0
0
0
0
0.397554
0
0.295687
0
0.846067
0
0
0
0
0
0
0.00175983
0.295855
0
0.419568
0
0
0.793451
0
0.552877
0
0
0
0
0.559635
0.00823551
0
0
0
0
1.20366
0
0.288249
2.04684
0
0.81627
0.867824
0
0
0
0.839521
0
0
0
0.55069
0
0.156717
0
0.341717
0.779092
0
0.218516
0
0
0.629626
1.3321
0
0.439308
0.155512
0.414978
0.968605
0
0.888538
0
0
0
0.434749
0.332167
0
0
0
0
0.127156
0
0
0.0449642
0
0.322073
0
0
0
0.89279
0
0.452121
0
0.207265
0
0
0.533428
0.617867
0
0
0
1.37649
0.392148
1.27556
0
0
0
0
0
0.0834458
0
1.11306
0
0.260002
0
0.71748
0.209235
0
0
0.642706
0
0.0525498
0.589372
0
0
0
0
0
0
0
0
0
0
0.903229
0.146614
0.306303
0.318032
0
0
1.10766
0.232531
0
0.131226
0.276514
0
0
0
0.114862
0
0
0.42569
0
0
0
0
0
0
1.21166
0
0.0869356
0
0
0
0
0.165162
0
0
0
0.187333
0
0
0
0
0
0.391659
0
0
0.188042
0.0369895
0.00945544
0
0.209046
0
0.91368
0
0
0.64026
0
0.837807

0
0
0
0
0
0.00017184
0
0
0
0
0
0.656273
0
0
0.0906016
0.111745
0
0
0
0
0
0
0.432018
0
0
0
0.292785
0.523518
1.19376
0
0.429309
0
0
0
0
0
0
0
0
0
0
0.549694
0
0.670179
0.0319122
0
0.38005
1.01292
0
0
0
1.09437
0
0
0
0
0
0.0990137
0
0.330404
0.491016
0
0
0
0
0
0.897919
0
0
0
0
0
0
0
0
0.563891
0
0
0.179514
0
0
0
0
0
0
0
0
0.195109
0.972014
0
0
0
0
0
0.375702
0
0
0.112838
0.289772
0
0
0
0.289442
0
0
0
0.49504
0
0
0
0
0
0
0
0.280726
0
0
0
0.70479
0
0
0.244515
0.155033
0
0
0.274815
0
0
0
0
0
0.534552
0
0
0
0.620673
0.724645
0
0
0
0
0
0
0
0
0
0.243661
0
0
0
0.524782
0
0
0
0
0.258494
0
0
0
0
0.0352783
0.659498
0
0
0.145576
0
0
0
0
0
0
0
0
0.633942
0
0
0.00649071
0
0
0
0
0
0
0
0
0
0.438872
0
0
1.15145
0
0.70194

0
0
0
0
0
0
0.218121
0
0
0
0
0.271805
0
0
0
0.469979
0
0
0
0
0
0
0
0
0
0.105181
0.583682
0
0.601939
0
0
0
0.00301719
0
0
0
0
0
0
0
0
0.19643
0
0.286147
0
0
0.665318
0.339742
0
0
0
1.30119
0
0
0
0
0
0
0
0
1.17576
0
0
0
0
0
0.490896
0
0
0
0
0
0
0
0
0
0
0
0.0536823
0
0
0
0
0
0
0
0
0
0.441948
0
0
0
0
0
0.301775
0
0
0
0.11658
0
0.519531
0
0
0
0
0
1.09115
0
0
0
0
0
0
0
0.15662
0
0
0
0.940693
0
0
0.115166
0
0
0
0.19562
0
0
0
0
0
0
0
0
0
0
0.877001
0
0
0.711797
0
0
0
0
0
0
0
0
0
0
0.355304
0
0
0.0589932
0
0
0.108514
0
0
0
0.349285
0
0
0
0
0
0
0
0
0
0
0
0
0
0
0
0
0
0
0
0
0
0
0
0
0
0.721276
0
0
1.14466
0
0.796487

0
0
0
0
0
0
0.218121
0
0
0
0
0.271805
0
0
0
0.4517
0
0
0
0
0
0
0
0
0
0.0156913
0.583682
0
0.601939
0
0
0
0.00301719
0
0
0
0
0
0
0
0
0.19643
0
0.286147
0
0
0.665318
0.339742
0
0
0
0.740175
0
0
0
0
0
0
0
0
0.467521
0
0
0
0
0
0.490896
0
0
0
0
0
0
0
0
0
0
0
0
0
0
0
0
0
0
0
0
0
0.197611
0
0
0
0
0
0.301775
0
0
0
0.0379102
0
0
0
0
0
0
0
1.09115
0
0
0
0
0
0
0
0.15662
0
0
0
0.940693
0
0
0.115166
0
0
0
0.119111
0
0
0
0
0
0
0
0
0
0
0.559626
0
0
0.2507
0
0
0
0
0
0
0
0
0
0
0.223862
0
0
0.0589932
0
0
0
0
0
0
0.165965
0
0
0
0
0
0
0
0
0
0
0
0
0
0
0
0
0
0
0
0
0
0
0
0
0
0.644813
0
0
1.04206
0
0.761477

0
0
0
0
0
0
0.218121
0
0
0
0
0.271805
0
0
0
0.4517
0
0
0
0
0
0
0
0
0
0.0156913
0.583682
0
0.601939
0
0
0
0.00301719
0
0
0
0
0
0
0
0
0.19643
0
0.286147
0
0
0.665318
0.339742
0
0
0
0.740175
0
0
0
0
0
0
0
0
0.467521
0
0
0
0
0
0.490896
0
0
0
0
0
0
0
0
0
0
0
0
0
0
0
0
0
0
0
0
0
0.197611
0
0
0
0
0
0.301775
0
0
0
0.0379102
0
0
0
0
0
0
0
1.09115
0
0
0
0
0
0
0
0.15662
0
0
0
0.940693
0
0
0.115166
0
0
0
0.119111
0
0
0
0
0
0
0
0
0
0
0.559626
0
0
0.2507
0
0
0
0
0
0
0
0
0
0
0.223862
0
0
0.0589932
0
0
0
0
0
0
0.165965
0
0
0
0
0
0
0
0
0
0
0
0
0
0
0
0
0
0
0
0
0
0
0
0
0
0.644813
0
0
1.04206
0
0.761477

0
0
0
0
0
0
0.218121
0
0
0
0
0.271805
0
0
0
0.4517
0
0
0
0
0
0
0
0
0
0.0156913
0.583682
0
0.601939
0
0
0
0.00301719
0
0
0
0
0
0
0
0
0.19643
0
0.286147
0
0
0.665318
0.339742
0
0
0
0.740175
0
0
0
0
0
0
0
0
0.467521
0
0
0
0
0
0.490896
0
0
0
0
0
0
0
0
0
0
0
0
0
0
0
0
0
0
0
0
0
0.197611
0
0
0
0
0
0.301775
0
0
0
0.0379102
0
0
0
0
0
0
0
1.09115
0
0
0
0
0
0
0
0.15662
0
0
0
0.940693
0
0
0.115166
0
0
0
0.119111
0
0
0
0
0
0
0
0
0
0
0.559626
0
0
0.2507
0
0
0
0
0
0
0
0
0
0
0.223862
0
0
0.0589932
0
0
0
0
0
0
0.165965
0
0
0
0
0
0
0
0
0
0
0
0
0
0
0
0
0
0
0
0
0
0
0
0
0
0.644813
0
0
1.04206
0
0.761477

0
0
0
0
0
0
0.218121
0
0
0
0
0.271805
0
0
0
0.4517
0
0
0
0
0
0
0
0
0
0.0156913
0.583682
0
0.601939
0
0
0
0.00301719
0
0
0
0
0
0
0
0
0.19643
0
0.286147
0
0
0.665318
0.339742
0
0
0
0.740175
0
0
0
0
0
0
0
0
0.467521
0
0
0
0
0
0.490896
0
0
0
0
0
0
0
0
0
0
0
0
0
0
0
0
0
0
0
0
0
0.197611
0
0
0
0
0
0.301775
0
0
0
0.0379102
0
0
0
0
0
0
0
1.09115
0
0
0
0
0
0
0
0.15662
0
0
0
0.940693
0
0
0.115166
0
0
0
0.119111
0
0
0
0
0
0
0
0
0
0
0.559626
0
0
0.2507
0
0
0
0
0
0
0
0
0
0
0.223862
0
0
0.0589932
0
0
0
0
0
0
0.165965
0
0
0
0
0
0
0
0
0
0
0
0
0
0
0
0
0
0
0
0
0
0
0
0
0
0.644813
0
0
1.04206
0
0.761477

0
0
0
0
0
0
0.218121
0
0
0
0
0.271805
0
0
0
0.4517
0
0
0
0
0
0
0.346246
0
0
0.0156913
1.01853
0
0.897584
0
0
0
0.0263848
0
0
0
0
0
0
0
0
0.19643
0
0.286147
0
0
0.665318
0.339742
0
0
0
0.740175
0
0
0
0
0
0
0
0
0.467521
0
0
0
0
0
0.490896
0
0
0
0
0
0
0
0
0
0
0
0
0
0
0
0
0
0
0
0
0
0.197611
0
0
0
0
0
0.301775
0
0
0
0.0379102
0
0
0
0
0
0
0
1.09115
0
0
0
0
0
0
0
0.260281
0
0
0
0.940693
0
0
0.348278
0.002684
0
0
0.119111
0
0
0
0
0
0
0
0
0
0.014999
0.559626
0
0
0.2507
0
0
0
0
0
0
0
0
0
0
0.223862
0
0
0.0589932
0.329916
0
0
0
0
0
0.433668
0
0
0
0
0
0
0.37493
0
0
0
0
0
0
0
0
0
0
0
0
0
0
0
0
0
0
0.644813
0
0
1.07494
0
0.761477

0
0
0
0
0
0
0.386431
0
0
0
0
0.0760983
0
0
0
0.486476
0
0
0
0
0
0
0
0.186107
0
0
0.429847
0.315331
0.619116
0
0.134659
0
0
0
0
0
0
0
0
0
0
0.973025
0
0.689977
0.969788
0
0.440384
0.806011
0
0
0
1.01254
0
0
0
0
0
0
0
0.0667557
1.16543
0
0
0
0
0.880186
0.529195
0
0.146856
0.0351492
0
0.0396382
0
0
0
0
0
1.0145
0
0
0
0
0
0
0.197825
0
0
0.393172
0.519124
0
0
0.044923
0
0
0.513613
0
0
0
0.604768
0.201126
0.648277
0
0.0468556
0
0.524742
0.322847
0.772054
0
0
0
0.513886
0
0
0
0.933005
0
0
0
0.53229
0.440897
0
0.0782518
0.646741
0
0
0.00629982
0
0
0
0
0
0
0
0
0
0
0.324975
0.301877
0
0.232529
0
0
0.656381
0
0
0
0
0
0
0
0.348423
0
0.786828
0.686294
0
0
0.163889
0
0
0
0.950871
0
0
0
0.0127025
0
0
0
0
0
0
0.0425914
0
0
0
0
0
0.0643421
0
0
0
0
0
0
0
0
0.612586
0
0
1.40557
0
0.420381

0
0
0
0
0
0.00017184
0
0
0
0
0
0.656273
0
0
0
0.0756086
0
0
0
0
0
0
0.432018
0
0
0
0.292785
0
0.992602
0
0.280877
0
0
0
0
0
0
0
0
0
0
0.414531
0
0.670179
0
0
0.38005
0.80937
0
0
0
0.534808
0
0
0
0
0
0.0990137
0
0.325745
0.417465
0
0
0
0
0
0.621725
0
0
0
0
0
0
0
0
0.208304
0
0
0.119195
0
0
0
0
0
0
0
0
0
0.314193
0
0
0
0
0
0.375702
0
0
0
0.0532944
0
0
0
0.127749
0
0
0
0.49504
0
0
0
0
0
0
0
0.280726
0
0
0
0.593065
0
0
0.139042
0.0322866
0
0
0.274815
0
0
0
0
0
0.27733
0
0
0
0.620673
0.589535
0
0
0
0
0
0
0
0
0
0.243661
0
0
0
0.524782
0
0
0
0
0.0654322
0
0
0
0
0.0352783
0.538852
0
0
0.0371575
0
0
0
0
0
0
0
0
0.0191156
0
0
0.00649071
0
0
0
0
0
0
0
0
0
0.438872
0
0
1.15145
0
0.622993

0
0
0
0
0
0
0.218121
0
0
0
0
0.271805
0
0
0
0.319297
0
0
0
0
0
0
0
0
0
0.0156913
0.583682
0
0.601939
0
0
0
0.00301719
0
0
0
0
0
0
0
0
0.125517
0
0.286147
0
0
0.665318
0.339742
0
0
0
0.653954
0
0
0
0
0
0
0
0
0.678571
0
0
0
0
0
0.490896
0
0
0
0
0
0
0
0
0
0
0
0.0536823
0
0
0
0
0
0
0
0
0
0.105804
0
0
0
0
0
0.301775
0
0
0
0
0
0.443116
0
0
0
0
0
1.09115
0
0
0
0
0
0
0
0.15662
0
0
0
0.940693
0
0
0
0
0
0
0.19562
0
0
0
0
0
0
0
0
0
0
0.449362
0
0
0.287593
0
0
0
0
0
0
0
0
0
0
0.355304
0
0
0.0589932
0
0
0.108514
0
0
0
0.349285
0
0
0
0
0
0
0
0
0
0
0
0
0
0
0
0
0
0
0
0
0
0
0
0
0
0.721276
0
0
1.14466
0
0.568809

0
0
0
0
0
0
0.218121
0
0
0
0
0.271805
0
0
0
0.253989
0
0
0
0
0
0
0
0
0
0.0156913
0.583682
0
0.601939
0
0
0
0.00301719
0
0
0
0
0
0
0
0
0.125517
0
0.286147
0
0
0.665318
0.339742
0
0
0
0.308832
0
0
0
0
0
0
0
0
0.306139
0
0
0
0
0
0.490896
0
0
0
0
0
0
0
0
0
0
0
0
0
0
0
0
0
0
0
0
0
0.0755597
0
0
0
0
0
0.301775
0
0
0
0
0
0
0
0
0
0
0
1.09115
0
0
0
0
0
0
0
0.15662
0
0
0
0.940693
0
0
0
0
0
0
0.119111
0
0
0
0
0
0
0
0
0
0
0.400237
0
0
0.0643163
0
0
0
0
0
0
0
0
0
0
0.223862
0
0
0.0589932
0
0
0
0
0
0
0.165965
0
0
0
0
0
0
0
0
0
0
0
0
0
0
0
0
0
0
0
0
0
0
0
0
0
0.644813
0
0
1.03921
0
0.568809

0
0
0
0
0
0
0.218121
0
0
0
0
0.271805
0
0
0
0.253989
0
0
0
0
0
0
0
0
0
0.0156913
0.583682
0
0.601939
0
0
0
0.00301719
0
0
0
0
0
0
0
0
0.125517
0
0.286147
0
0
0.665318
0.339742
0
0
0
0.308832
0
0
0
0
0
0
0
0
0.306139
0
0
0
0
0
0.490896
0
0
0
0
0
0
0
0
0
0
0
0
0
0
0
0
0
0
0
0
0
0.0755597
0
0
0
0
0
0.301775
0
0
0
0
0
0
0
0
0
0
0
1.09115
0
0
0
0
0
0
0
0.15662
0
0
0
0.940693
0
0
0
0
0
0
0.119111
0
0
0
0
0
0
0
0
0
0
0.400237
0
0
0.0643163
0
0
0
0
0
0
0
0
0
0
0.223862
0
0
0.0589932
0
0
0
0
0
0
0.165965
0
0
0
0
0
0
0
0
0
0
0
0
0
0
0
0
0
0
0
0
0
0
0
0
0
0.644813
0
0
1.03921
0
0.568809

0
0
0
0
0
0
0.218121
0
0
0
0
0.271805
0
0
0
0.253989
0
0
0
0
0
0
0
0
0
0.0156913
0.583682
0
0.601939
0
0
0
0.00301719
0
0
0
0
0
0
0
0
0.125517
0
0.286147
0
0
0.665318
0.339742
0
0
0
0.308832
0
0
0
0
0
0
0
0
0.306139
0
0
0
0
0
0.490896
0
0
0
0
0
0
0
0
0
0
0
0
0
0
0
0
0
0
0
0
0
0.0755597
0
0
0
0
0
0.301775
0
0
0
0
0
0
0
0
0
0
0
1.09115
0
0
0
0
0
0
0
0.15662
0
0
0
0.940693
0
0
0
0
0
0
0.119111
0
0
0
0
0
0
0
0
0
0
0.400237
0
0
0.0643163
0
0
0
0
0
0
0
0
0
0
0.223862
0
0
0.0589932
0
0
0
0
0
0
0.165965
0
0
0
0
0
0
0
0
0
0
0
0
0
0
0
0
0
0
0
0
0
0
0
0
0
0.644813
0
0
1.03921
0
0.568809

0
0
0
0
0
0
0.218121
0
0
0
0
0.271805
0
0
0
0.253989
0
0
0
0
0
0
0
0
0
0.0156913
0.583682
0
0.601939
0
0
0
0.00301719
0
0
0
0
0
0
0
0
0.125517
0
0.286147
0
0
0.665318
0.339742
0
0
0
0.308832
0
0
0
0
0
0
0
0
0.306139
0
0
0
0
0
0.490896
0
0
0
0
0
0
0
0
0
0
0
0
0
0
0
0
0
0
0
0
0
0.0755597
0
0
0
0
0
0.301775
0
0
0
0
0
0
0
0
0
0
0
1.09115
0
0
0
0
0
0
0
0.15662
0
0
0
0.940693
0
0
0
0
0
0
0.119111
0
0
0
0
0
0
0
0
0
0
0.400237
0
0
0.0643163
0
0
0
0
0
0
0
0
0
0
0.223862
0
0
0.0589932
0
0
0
0
0
0
0.165965
0
0
0
0
0
0
0
0
0
0
0
0
0
0
0
0
0
0
0
0
0
0
0
0
0
0.644813
0
0
1.03921
0
0.568809

0
0
0
0
0
0
0.218121
0
0
0
0
0.271805
0
0
0
0.253989
0
0
0
0
0
0
0
0
0
0.0156913
1.01853
0
0.897584
0
0
0
0.0263848
0
0
0
0
0
0
0
0
0.125517
0
0.286147
0
0
0.665318
0.339742
0
0
0
0.308832
0
0
0
0
0
0
0
0
0.306139
0
0
0
0
0
0.490896
0
0
0
0
0
0
0
0
0
0
0
0
0
0
0
0
0
0
0
0
0
0.0755597
0
0
0
0
0
0.301775
0
0
0
0
0
0
0
0
0
0
0
1.09115
0
0
0
0
0
0
0
0.260281
0
0
0
0.940693
0
0
0
0.002684
0
0
0.119111
0
0
0
0
0
0
0
0
0
0.014999
0.400237
0
0
0.0643163
0
0
0
0
0
0
0
0
0
0
0.223862
0
0
0.0589932
0
0
0
0
0
0
0.165965
0
0
0
0
0
0
0.0994493
0
0
0
0
0
0
0
0
0
0
0
0
0
0
0
0
0
0
0.644813
0
0
1.04971
0
0.568809

0
0
0
0
0
0
0.386431
0
0
0
0
0.0697349
0
0
0
0.39718
0
0
0
0
0
0
0
0
0
0
0.429847
0
0.619116
0
0.134659
0
0
0
0
0
0
0
0
0
0
0.760539
0
0.312704
0.969788
0
0.440384
0.656902
0
0
0
0.355277
0
0
0
0
0
0
0
0
0.397141
0
0
0
0
0.403134
0.529195
0
0
0
0
0.0396382
0
0
0
0
0
0.655109
0
0
0
0
0
0
0
0
0
0
0.519124
0
0
0
0
0
0.125565
0
0
0
0
0.201126
0.626101
0
0
0
0.524742
0.147206
0.772054
0
0
0
0
0
0
0
0.933005
0
0
0
0.53229
0.0735927
0
0
0.196484
0
0
0.00629982
0
0
0
0
0
0
0
0
0
0
0.151445
0.0641383
0
0.232529
0
0
0.656381
0
0
0
0
0
0
0
0.348423
0
0.52838
0.686294
0
0
0.163889
0
0
0
0.890991
0
0
0
0
0
0
0
0
0
0
0.0425914
0
0
0
0
0
0.0643421
0
0
0
0
0
0
0
0
0.612586
0
0
1.40557
0
0.35688

0
0
0
0
0
0.00017184
0
0
0
0
0
0.656273
0
0
0
0.0756086
0
0
0
0
0
0
0.432018
0
0
0
0.292785
0
0.992602
0
0.280877
0
0
0
0
0
0
0
0
0
0
0.414531
0
0.670179
0
0
0.38005
0.80937
0
0
0
0.534808
0
0
0
0
0
0.0990137
0
0.325745
0.417465
0
0
0
0
0
0.621725
0
0
0
0
0
0
0
0
0.208304
0
0
0.119195
0
0
0
0
0
0
0
0
0
0.314193
0
0
0
0
0
0.375702
0
0
0
0.0532944
0
0
0
0.127749
0
0
0
0.49504
0
0
0
0
0
0
0
0.280726
0
0
0
0.593065
0
0
0.139042
0.0322866
0
0
0.274815
0
0
0
0
0
0.27733
0
0
0
0.620673
0.589535
0
0
0
0
0
0
0
0
0
0.243661
0
0
0
0.524782
0
0
0
0
0.0654322
0
0
0
0
0.0352783
0.538852
0
0
0.0371575
0
0
0
0
0
0
0
0
0.0191156
0
0
0.00649071
0
0
0
0
0
0
0
0
0
0.438872
0
0
1.15145
0
0.622993

0
0
0
0
0
0
0.218121
0
0
0
0
0.271805
0
0
0
0.319297
0
0
0
0
0
0
0
0
0
0.0156913
0.583682
0
0.601939
0
0
0
0.00301719
0
0
0
0
0
0
0
0
0.125517
0
0.286147
0
0
0.665318
0.339742
0
0
0
0.653954
0
0
0
0
0
0
0
0
0.678571
0
0
0
0
0
0.490896
0
0
0
0
0
0
0
0
0
0
0
0.0536823
0
0
0
0
0
0
0
0
0
0.105804
0
0
0
0
0
0.301775
0
0
0
0
0
0.443116
0
0
0
0
0
1.09115
0
0
0
0
0
0
0
0.15662
0
0
0
0.940693
0
0
0
0
0
0
0.19562
0
0
0
0
0
0
0
0
0
0
0.449362
0
0
0.287593
0
0
0
0
0
0
0
0
0
0
0.355304
0
0
0.0589932
0
0
0.108514
0
0
0
0.349285
0
0
0
0
0
0
0
0
0
0
0
0
0
0
0
0
0
0
0
0
0
0
0
0
0
0.721276
0
0
1.14466
0
0.568809

0
0
0
0
0
0
0.218121
0
0
0
0
0.271805
0
0
0
0.253989
0
0
0
0
0
0
0
0
0
0.0156913
0.583682
0
0.601939
0
0
0
0.00301719
0
0
0
0
0
0
0
0
0.125517
0
0.286147
0
0
0.665318
0.339742
0
0
0
0.308832
0
0
0
0
0
0
0
0
0.306139
0
0
0
0
0
0.490896
0
0
0
0
0
0
0
0
0
0
0
0
0
0
0
0
0
0
0
0
0
0.0755597
0
0
0
0
0
0.301775
0
0
0
0
0
0
0
0
0
0
0
1.09115
0
0
0
0
0
0
0
0.15662
0
0
0
0.940693
0
0
0
0
0
0
0.119111
0
0
0
0
0
0
0
0
0
0
0.400237
0
0
0.0643163
0
0
0
0
0
0
0
0
0
0
0.223862
0
0
0.0589932
0
0
0
0
0
0
0.165965
0
0
0
0
0
0
0
0
0
0
0
0
0
0
0
0
0
0
0
0
0
0
0
0
0
0.644813
0
0
1.03921
0
0.568809

0
0
0
0
0
0
0.218121
0
0
0
0
0.271805
0
0
0
0.253989
0
0
0
0
0
0
0
0
0
0.0156913
0.583682
0
0.601939
0
0
0
0.00301719
0
0
0
0
0
0
0
0
0.125517
0
0.286147
0
0
0.665318
0.339742
0
0
0
0.308832
0
0
0
0
0
0
0
0
0.306139
0
0
0
0
0
0.490896
0
0
0
0
0
0
0
0
0
0
0
0
0
0
0
0
0
0
0
0
0
0.0755597
0
0
0
0
0
0.301775
0
0
0
0
0
0
0
0
0
0
0
1.09115
0
0
0
0
0
0
0
0.15662
0
0
0
0.940693
0
0
0
0
0
0
0.119111
0
0
0
0
0
0
0
0
0
0
0.400237
0
0
0.0643163
0
0
0
0
0
0
0
0
0
0
0.223862
0
0
0.0589932
0
0
0
0
0
0
0.165965
0
0
0
0
0
0
0
0
0
0
0
0
0
0
0
0
0
0
0
0
0
0
0
0
0
0.644813
0
0
1.03921
0
0.568809

0
0
0
0
0
0
0.218121
0
0
0
0
0.271805
0
0
0
0.253989
0
0
0
0
0
0
0
0
0
0.0156913
0.583682
0
0.601939
0
0
0
0.00301719
0
0
0
0
0
0
0
0
0.125517
0
0.286147
0
0
0.665318
0.339742
0
0
0
0.308832
0
0
0
0
0
0
0
0
0.306139
0
0
0
0
0
0.490896
0
0
0
0
0
0
0
0
0
0
0
0
0
0
0
0
0
0
0
0
0
0.0755597
0
0
0
0
0
0.301775
0
0
0
0
0
0
0
0
0
0
0
1.09115
0
0
0
0
0
0
0
0.15662
0
0
0
0.940693
0
0
0
0
0
0
0.119111
0
0
0
0
0
0
0
0
0
0
0.400237
0
0
0.0643163
0
0
0
0
0
0
0
0
0
0
0.223862
0
0
0.0589932
0
0
0
0
0
0
0.165965
0
0
0
0
0
0
0
0
0
0
0
0
0
0
0
0
0
0
0
0
0
0
0
0
0
0.644813
0
0
1.03921
0
0.568809

0
0
0
0
0
0
0.218121
0
0
0
0
0.271805
0
0
0
0.253989
0
0
0
0
0
0
0
0
0
0.0156913
0.583682
0
0.601939
0
0
0
0.00301719
0
0
0
0
0
0
0
0
0.125517
0
0.286147
0
0
0.665318
0.339742
0
0
0
0.308832
0
0
0
0
0
0
0
0
0.306139
0
0
0
0
0
0.490896
0
0
0
0
0
0
0
0
0
0
0
0
0
0
0
0
0
0
0
0
0
0.0755597
0
0
0
0
0
0.301775
0
0
0
0
0
0
0
0
0
0
0
1.09115
0
0
0
0
0
0
0
0.15662
0
0
0
0.940693
0
0
0
0
0
0
0.119111
0
0
0
0
0
0
0
0
0
0
0.400237
0
0
0.0643163
0
0
0
0
0
0
0
0
0
0
0.223862
0
0
0.0589932
0
0
0
0
0
0
0.165965
0
0
0
0
0
0
0
0
0
0
0
0
0
0
0
0
0
0
0
0
0
0
0
0
0
0.644813
0
0
1.03921
0
0.568809

0
0
0
0
0
0
0.218121
0
0
0
0
0.271805
0
0
0
0.253989
0
0
0
0
0
0
0
0
0
0.0156913
1.01853
0
0.897584
0
0
0
0.0263848
0
0
0
0
0
0
0
0
0.125517
0
0.286147
0
0
0.665318
0.339742
0
0
0
0.308832
0
0
0
0
0
0
0
0
0.306139
0
0
0
0
0
0.490896
0
0
0
0
0
0
0
0
0
0
0
0
0
0
0
0
0
0
0
0
0
0.0755597
0
0
0
0
0
0.301775
0
0
0
0
0
0
0
0
0
0
0
1.09115
0
0
0
0
0
0
0
0.260281
0
0
0
0.940693
0
0
0
0.002684
0
0
0.119111
0
0
0
0
0
0
0
0
0
0.014999
0.400237
0
0
0.0643163
0
0
0
0
0
0
0
0
0
0
0.223862
0
0
0.0589932
0
0
0
0
0
0
0.165965
0
0
0
0
0
0
0.0994493
0
0
0
0
0
0
0
0
0
0
0
0
0
0
0
0
0
0
0.644813
0
0
1.04971
0
0.568809

0
0
0
0
0
0
0.386431
0
0
0
0
0.0697349
0
0
0
0.39718
0
0
0
0
0
0
0
0
0
0
0.429847
0
0.619116
0
0.134659
0
0
0
0
0
0
0
0
0
0
0.760539
0
0.312704
0.969788
0
0.440384
0.656902
0
0
0
0.355277
0
0
0
0
0
0
0
0
0.397141
0
0
0
0
0.403134
0.529195
0
0
0
0
0.0396382
0
0
0
0
0
0.655109
0
0
0
0
0
0
0
0
0
0
0.519124
0
0
0
0
0
0.125565
0
0
0
0
0.201126
0.626101
0
0
0
0.524742
0.147206
0.772054
0
0
0
0
0
0
0
0.933005
0
0
0
0.53229
0.0735927
0
0
0.196484
0
0
0.00629982
0
0
0
0
0
0
0
0
0
0
0.151445
0.0641383
0
0.232529
0
0
0.656381
0
0
0
0
0
0
0
0.348423
0
0.52838
0.686294
0
0
0.163889
0
0
0
0.890991
0
0
0
0
0
0
0
0
0
0
0.0425914
0
0
0
0
0
0.0643421
0
0
0
0
0
0
0
0
0.612586
0
0
1.40557
0
0.35688

0
0
0
0
0
0.00017184
0
0
0
0
0
0.656273
0
0
0
0.0756086
0
0
0
0
0
0
0.432018
0
0
0
0.292785
0
0.992602
0
0.280877
0
0
0
0
0
0
0
0
0
0
0.414531
0
0.670179
0
0
0.38005
0.80937
0
0
0
0.534808
0
0
0
0
0
0.0990137
0
0.325745
0.417465
0
0
0
0
0
0.621725
0
0
0
0
0
0
0
0
0.208304
0
0
0.119195
0
0
0
0
0
0
0
0
0
0.314193
0
0
0
0
0
0.375702
0
0
0
0.0532944
0
0
0
0.127749
0
0
0
0.49504
0
0
0
0
0
0
0
0.280726
0
0
0
0.593065
0
0
0.139042
0.0322866
0
0
0.274815
0
0
0
0
0
0.27733
0
0
0
0.620673
0.589535
0
0
0
0
0
0
0
0
0
0.243661
0
0
0
0.524782
0
0
0
0
0.0654322
0
0
0
0
0.0352783
0.538852
0
0
0.0371575
0
0
0
0
0
0
0
0
0.0191156
0
0
0.00649071
0
0
0
0
0
0
0
0
0
0.438872
0
0
1.15145
0
0.622993

0
0
0
0
0
0
0.218121
0
0
0
0
0.271805
0
0
0
0.319297
0
0
0
0
0
0
0
0
0
0.0156913
0.583682
0
0.601939
0
0
0
0.00301719
0
0
0
0
0
0
0
0
0.125517
0
0.286147
0
0
0.665318
0.339742
0
0
0
0.653954
0
0
0
0
0
0
0
0
0.678571
0
0
0
0
0
0.490896
0
0
0
0
0
0
0
0
0
0
0
0.0536823
0
0
0
0
0
0
0
0
0
0.105804
0
0
0
0
0
0.301775
0
0
0
0
0
0.443116
0
0
0
0
0
1.09115
0
0
0
0
0
0
0
0.15662
0
0
0
0.940693
0
0
0
0
0
0
0.19562
0
0
0
0
0
0
0
0
0
0
0.449362
0
0
0.287593
0
0
0
0
0
0
0
0
0
0
0.355304
0
0
0.0589932
0
0
0.108514
0
0
0
0.349285
0
0
0
0
0
0
0
0
0
0
0
0
0
0
0
0
0
0
0
0
0
0
0
0
0
0.721276
0
0
1.14466
0
0.568809

0
0
0
0
0
0
0.218121
0
0
0
0
0.271805
0
0
0
0.253989
0
0
0
0
0
0
0
0
0
0.0156913
0.583682
0
0.601939
0
0
0
0.00301719
0
0
0
0
0
0
0
0
0.125517
0
0.286147
0
0
0.665318
0.339742
0
0
0
0.308832
0
0
0
0
0
0
0
0
0.306139
0
0
0
0
0
0.490896
0
0
0
0
0
0
0
0
0
0
0
0
0
0
0
0
0
0
0
0
0
0.0755597
0
0
0
0
0
0.301775
0
0
0
0
0
0
0
0
0
0
0
1.09115
0
0
0
0
0
0
0
0.15662
0
0
0
0.940693
0
0
0
0
0
0
0.119111
0
0
0
0
0
0
0
0
0
0
0.400237
0
0
0.0643163
0
0
0
0
0
0
0
0
0
0
0.223862
0
0
0.0589932
0
0
0
0
0
0
0.165965
0
0
0
0
0
0
0
0
0
0
0
0
0
0
0
0
0
0
0
0
0
0
0
0
0
0.644813
0
0
1.03921
0
0.568809

0
0
0
0
0
0
0.218121
0
0
0
0
0.271805
0
0
0
0.253989
0
0
0
0
0
0
0
0
0
0.0156913
0.583682
0
0.601939
0
0
0
0.00301719
0
0
0
0
0
0
0
0
0.125517
0
0.286147
0
0
0.665318
0.339742
0
0
0
0.308832
0
0
0
0
0
0
0
0
0.306139
0
0
0
0
0
0.490896
0
0
0
0
0
0
0
0
0
0
0
0
0
0
0
0
0
0
0
0
0
0.0755597
0
0
0
0
0
0.301775
0
0
0
0
0
0
0
0
0
0
0
1.09115
0
0
0
0
0
0
0
0.15662
0
0
0
0.940693
0
0
0
0
0
0
0.119111
0
0
0
0
0
0
0
0
0
0
0.400237
0
0
0.0643163
0
0
0
0
0
0
0
0
0
0
0.223862
0
0
0.0589932
0
0
0
0
0
0
0.165965
0
0
0
0
0
0
0
0
0
0
0
0
0
0
0
0
0
0
0
0
0
0
0
0
0
0.644813
0
0
1.03921
0
0.568809

0
0
0
0
0
0
0.218121
0
0
0
0
0.271805
0
0
0
0.253989
0
0
0
0
0
0
0
0
0
0.0156913
0.583682
0
0.601939
0
0
0
0.00301719
0
0
0
0
0
0
0
0
0.125517
0
0.286147
0
0
0.665318
0.339742
0
0
0
0.308832
0
0
0
0
0
0
0
0
0.306139
0
0
0
0
0
0.490896
0
0
0
0
0
0
0
0
0
0
0
0
0
0
0
0
0
0
0
0
0
0.0755597
0
0
0
0
0
0.301775
0
0
0
0
0
0
0
0
0
0
0
1.09115
0
0
0
0
0
0
0
0.15662
0
0
0
0.940693
0
0
0
0
0
0
0.119111
0
0
0
0
0
0
0
0
0
0
0.400237
0
0
0.0643163
0
0
0
0
0
0
0
0
0
0
0.223862
0
0
0.0589932
0
0
0
0
0
0
0.165965
0
0
0
0
0
0
0
0
0
0
0
0
0
0
0
0
0
0
0
0
0
0
0
0
0
0.644813
0
0
1.03921
0
0.568809

0
0
0
0
0
0
0.218121
0
0
0
0
0.271805
0
0
0
0.253989
0
0
0
0
0
0
0
0
0
0.0156913
0.583682
0
0.601939
0
0
0
0.00301719
0
0
0
0
0
0
0
0
0.125517
0
0.286147
0
0
0.665318
0.339742
0
0
0
0.308832
0
0
0
0
0
0
0
0
0.306139
0
0
0
0
0
0.490896
0
0
0
0
0
0
0
0
0
0
0
0
0
0
0
0
0
0
0
0
0
0.0755597
0
0
0
0
0
0.301775
0
0
0
0
0
0
0
0
0
0
0
1.09115
0
0
0
0
0
0
0
0.15662
0
0
0
0.940693
0
0
0
0
0
0
0.119111
0
0
0
0
0
0
0
0
0
0
0.400237
0
0
0.0643163
0
0
0
0
0
0
0
0
0
0
0.223862
0
0
0.0589932
0
0
0
0
0
0
0.165965
0
0
0
0
0
0
0
0
0
0
0
0
0
0
0
0
0
0
0
0
0
0
0
0
0
0.644813
0
0
1.03921
0
0.568809

0
0
0
0
0
0
0.218121
0
0
0
0
0.271805
0
0
0
0.253989
0
0
0
0
0
0
0
0
0
0.0156913
1.01853
0
0.897584
0
0
0
0.0263848
0
0
0
0
0
0
0
0
0.125517
0
0.286147
0
0
0.665318
0.339742
0
0
0
0.308832
0
0
0
0
0
0
0
0
0.306139
0
0
0
0
0
0.490896
0
0
0
0
0
0
0
0
0
0
0
0
0
0
0
0
0
0
0
0
0
0.0755597
0
0
0
0
0
0.301775
0
0
0
0
0
0
0
0
0
0
0
1.09115
0
0
0
0
0
0
0
0.260281
0
0
0
0.940693
0
0
0
0.002684
0
0
0.119111
0
0
0
0
0
0
0
0
0
0.014999
0.400237
0
0
0.0643163
0
0
0
0
0
0
0
0
0
0
0.223862
0
0
0.0589932
0
0
0
0
0
0
0.165965
0
0
0
0
0
0
0.0994493
0
0
0
0
0
0
0
0
0
0
0
0
0
0
0
0
0
0
0.644813
0
0
1.04971
0
0.568809

0
0
0
0
0
0
0.386431
0
0
0
0
0.0697349
0
0
0
0.39718
0
0
0
0
0
0
0
0
0
0
0.429847
0
0.619116
0
0.134659
0
0
0
0
0
0
0
0
0
0
0.760539
0
0.312704
0.969788
0
0.440384
0.656902
0
0
0
0.355277
0
0
0
0
0
0
0
0
0.397141
0
0
0
0
0.403134
0.529195
0
0
0
0
0.0396382
0
0
0
0
0
0.655109
0
0
0
0
0
0
0
0
0
0
0.519124
0
0
0
0
0
0.125565
0
0
0
0
0.201126
0.626101
0
0
0
0.524742
0.147206
0.772054
0
0
0
0
0
0
0
0.933005
0
0
0
0.53229
0.0735927
0
0
0.196484
0
0
0.00629982
0
0
0
0
0
0
0
0
0
0
0.151445
0.0641383
0
0.232529
0
0
0.656381
0
0
0
0
0
0
0
0.348423
0
0.52838
0.686294
0
0
0.163889
0
0
0
0.890991
0
0
0
0
0
0
0
0
0
0
0.0425914
0
0
0
0
0
0.0643421
0
0
0
0
0
0
0
0
0.612586
0
0
1.40557
0
0.35688

0
0
0
0
0
0.00017184
0
0
0
0
0
0.656273
0
0
0
0.0756086
0
0
0
0
0
0
0.432018
0
0
0
0.292785
0
0.992602
0
0.280877
0
0
0
0
0
0
0
0
0
0
0.414531
0
0.670179
0
0
0.38005
0.80937
0
0
0
0.534808
0
0
0
0
0
0.0990137
0
0.325745
0.417465
0
0
0
0
0
0.621725
0
0
0
0
0
0
0
0
0.208304
0
0
0.119195
0
0
0
0
0
0
0
0
0
0.314193
0
0
0
0
0
0.375702
0
0
0
0.0532944
0
0
0
0.127749
0
0
0
0.49504
0
0
0
0
0
0
0
0.280726
0
0
0
0.593065
0
0
0.139042
0.0322866
0
0
0.274815
0
0
0
0
0
0.27733
0
0
0
0.620673
0.589535
0
0
0
0
0
0
0
0
0
0.243661
0
0
0
0.524782
0
0
0
0
0.0654322
0
0
0
0
0.0352783
0.538852
0
0
0.0371575
0
0
0
0
0
0
0
0
0.0191156
0
0
0.00649071
0
0
0
0
0
0
0
0
0
0.438872
0
0
1.15145
0
0.622993

0
0
0
0
0
0
0.218121
0
0
0
0
0.271805
0
0
0
0.319297
0
0
0
0
0
0
0
0
0
0.0156913
0.583682
0
0.601939
0
0
0
0.00301719
0
0
0
0
0
0
0
0
0.125517
0
0.286147
0
0
0.665318
0.339742
0
0
0
0.653954
0
0
0
0
0
0
0
0
0.678571
0
0
0
0
0
0.490896
0
0
0
0
0
0
0
0
0
0
0
0.0536823
0
0
0
0
0
0
0
0
0
0.105804
0
0
0
0
0
0.301775
0
0
0
0
0
0.443116
0
0
0
0
0
1.09115
0
0
0
0
0
0
0
0.15662
0
0
0
0.940693
0
0
0
0
0
0
0.19562
0
0
0
0
0
0
0
0
0
0
0.449362
0
0
0.287593
0
0
0
0
0
0
0
0
0
0
0.355304
0
0
0.0589932
0
0
0.108514
0
0
0
0.349285
0
0
0
0
0
0
0
0
0
0
0
0
0
0
0
0
0
0
0
0
0
0
0
0
0
0.721276
0
0
1.14466
0
0.568809

0
0
0
0
0
0
0.218121
0
0
0
0
0.271805
0
0
0
0.253989
0
0
0
0
0
0
0
0
0
0.0156913
0.583682
0
0.601939
0
0
0
0.00301719
0
0
0
0
0
0
0
0
0.125517
0
0.286147
0
0
0.665318
0.339742
0
0
0
0.308832
0
0
0
0
0
0
0
0
0.306139
0
0
0
0
0
0.490896
0
0
0
0
0
0
0
0
0
0
0
0
0
0
0
0
0
0
0
0
0
0.0755597
0
0
0
0
0
0.301775
0
0
0
0
0
0
0
0
0
0
0
1.09115
0
0
0
0
0
0
0
0.15662
0
0
0
0.940693
0
0
0
0
0
0
0.119111
0
0
0
0
0
0
0
0
0
0
0.400237
0
0
0.0643163
0
0
0
0
0
0
0
0
0
0
0.223862
0
0
0.0589932
0
0
0
0
0
0
0.165965
0
0
0
0
0
0
0
0
0
0
0
0
0
0
0
0
0
0
0
0
0
0
0
0
0
0.644813
0
0
1.03921
0
0.568809

0
0
0
0
0
0
0.218121
0
0
0
0
0.271805
0
0
0
0.253989
0
0
0
0
0
0
0
0
0
0.0156913
0.583682
0
0.601939
0
0
0
0.00301719
0
0
0
0
0
0
0
0
0.125517
0
0.286147
0
0
0.665318
0.339742
0
0
0
0.308832
0
0
0
0
0
0
0
0
0.306139
0
0
0
0
0
0.490896
0
0
0
0
0
0
0
0
0
0
0
0
0
0
0
0
0
0
0
0
0
0.0755597
0
0
0
0
0
0.301775
0
0
0
0
0
0
0
0
0
0
0
1.09115
0
0
0
0
0
0
0
0.15662
0
0
0
0.940693
0
0
0
0
0
0
0.119111
0
0
0
0
0
0
0
0
0
0
0.400237
0
0
0.0643163
0
0
0
0
0
0
0
0
0
0
0.223862
0
0
0.0589932
0
0
0
0
0
0
0.165965
0
0
0
0
0
0
0
0
0
0
0
0
0
0
0
0
0
0
0
0
0
0
0
0
0
0.644813
0
0
1.03921
0
0.568809

0
0
0
0
0
0
0.218121
0
0
0
0
0.271805
0
0
0
0.253989
0
0
0
0
0
0
0
0
0
0.0156913
0.583682
0
0.601939
0
0
0
0.00301719
0
0
0
0
0
0
0
0
0.125517
0
0.286147
0
0
0.665318
0.339742
0
0
0
0.308832
0
0
0
0
0
0
0
0
0.306139
0
0
0
0
0
0.490896
0
0
0
0
0
0
0
0
0
0
0
0
0
0
0
0
0
0
0
0
0
0.0755597
0
0
0
0
0
0.301775
0
0
0
0
0
0
0
0
0
0
0
1.09115
0
0
0
0
0
0
0
0.15662
0
0
0
0.940693
0
0
0
0
0
0
0.119111
0
0
0
0
0
0
0
0
0
0
0.400237
0
0
0.0643163
0
0
0
0
0
0
0
0
0
0
0.223862
0
0
0.0589932
0
0
0
0
0
0
0.165965
0
0
0
0
0
0
0
0
0
0
0
0
0
0
0
0
0
0
0
0
0
0
0
0
0
0.644813
0
0
1.03921
0
0.568809

0
0
0
0
0
0
0.218121
0
0
0
0
0.271805
0
0
0
0.253989
0
0
0
0
0
0
0
0
0
0.0156913
0.583682
0
0.601939
0
0
0
0.00301719
0
0
0
0
0
0
0
0
0.125517
0
0.286147
0
0
0.665318
0.339742
0
0
0
0.308832
0
0
0
0
0
0
0
0
0.306139
0
0
0
0
0
0.490896
0
0
0
0
0
0
0
0
0
0
0
0
0
0
0
0
0
0
0
0
0
0.0755597
0
0
0
0
0
0.301775
0
0
0
0
0
0
0
0
0
0
0
1.09115
0
0
0
0
0
0
0
0.15662
0
0
0
0.940693
0
0
0
0
0
0
0.119111
0
0
0
0
0
0
0
0
0
0
0.400237
0
0
0.0643163
0
0
0
0
0
0
0
0
0
0
0.223862
0
0
0.0589932
0
0
0
0
0
0
0.165965
0
0
0
0
0
0
0
0
0
0
0
0
0
0
0
0
0
0
0
0
0
0
0
0
0
0.644813
0
0
1.03921
0
0.568809

0
0
0
0
0
0
0.218121
0
0
0
0
0.271805
0
0
0
0.253989
0
0
0
0
0
0
0
0
0
0.0156913
1.01853
0
0.897584
0
0
0
0.0263848
0
0
0
0
0
0
0
0
0.125517
0
0.286147
0
0
0.665318
0.339742
0
0
0
0.308832
0
0
0
0
0
0
0
0
0.306139
0
0
0
0
0
0.490896
0
0
0
0
0
0
0
0
0
0
0
0
0
0
0
0
0
0
0
0
0
0.0755597
0
0
0
0
0
0.301775
0
0
0
0
0
0
0
0
0
0
0
1.09115
0
0
0
0
0
0
0
0.260281
0
0
0
0.940693
0
0
0
0.002684
0
0
0.119111
0
0
0
0
0
0
0
0
0
0.014999
0.400237
0
0
0.0643163
0
0
0
0
0
0
0
0
0
0
0.223862
0
0
0.0589932
0
0
0
0
0
0
0.165965
0
0
0
0
0
0
0.0994493
0
0
0
0
0
0
0
0
0
0
0
0
0
0
0
0
0
0
0.644813
0
0
1.04971
0
0.568809

0
0
0
0
0
0
0.386431
0
0
0
0
0.0697349
0
0
0
0.39718
0
0
0
0
0
0
0
0
0
0
0.429847
0
0.619116
0
0.134659
0
0
0
0
0
0
0
0
0
0
0.760539
0
0.312704
0.969788
0
0.440384
0.656902
0
0
0
0.355277
0
0
0
0
0
0
0
0
0.397141
0
0
0
0
0.403134
0.529195
0
0
0
0
0.0396382
0
0
0
0
0
0.655109
0
0
0
0
0
0
0
0
0
0
0.519124
0
0
0
0
0
0.125565
0
0
0
0
0.201126
0.626101
0
0
0
0.524742
0.147206
0.772054
0
0
0
0
0
0
0
0.933005
0
0
0
0.53229
0.0735927
0
0
0.196484
0
0
0.00629982
0
0
0
0
0
0
0
0
0
0
0.151445
0.0641383
0
0.232529
0
0
0.656381
0
0
0
0
0
0
0
0.348423
0
0.52838
0.686294
0
0
0.163889
0
0
0
0.890991
0
0
0
0
0
0
0
0
0
0
0.0425914
0
0
0
0
0
0.0643421
0
0
0
0
0
0
0
0
0.612586
0
0
1.40557
0
0.35688

0
0
0
0
0
0.340368
0
0
0
0
0
0.656273
0
0
0
0.0861689
0
0
0
0
0
0
0.466513
0
0
0
0.292785
0
0.992602
0
0.280877
0
0.194347
0
0
0
0
0.121606
0
0
0
0.649959
0
0.670179
0
0
0.50744
1.00262
0
0
0
0.569583
0.159606
0
0
0
0
0.0990137
0
0.325745
0.586764
0
0
0
0
0
0.948106
0
0
0
0
0
0
0
0
0.208304
0
0
0.119195
0
0
0
0
0
0
0
0
0
0.413811
0
0
0
0
0
0.375702
0
0
0
0.0532944
0
0
0
0.127749
0
0
0
0.49504
0
0
0
0
0
0
0
0.280726
0
0
0
0.593065
0
0
0.139042
0.0322866
0
0.184106
0.462305
0
0
0
0
0
0.575848
0
0
0
0.926857
0.589535
0
0
0
0
0
0
0
0
0
0.243661
0
0
0
0.532114
0
0
0
0
0.0654322
0
0
0
0
0.036015
0.538852
0
0
0.0419428
0
0
0
0
0
0
0
0
0.0191156
0
0
0.455146
0
0
0
0
0
0
0
0
0
0.438872
0
0
1.40941
0
0.622993

0
0
0
0
0
0
0.218121
0
0
0
0
0.271805
0
0
0
0.369212
0
0
0
0
0
0
0
0
0
0.0156913
0.583682
0
0.601939
0
0
0
0.0215702
0
0
0
0
0
0
0
0
0.286544
0
0.286147
0
0
0.682977
0.339742
0
0
0
0.653954
0
0
0
0
0
0
0
0
0.678571
0
0
0
0
0
0.659598
0
0
0
0
0
0
0
0
0
0
0
0.0536823
0
0
0
0
0
0
0
0
0
0.37486
0
0
0
0
0
0.342866
0
0
0
0
0
0.443116
0
0
0
0
0
1.09115
0
0
0
0
0
0
0
0.15662
0
0
0
0.940693
0
0
0
0.044559
0
0
0.211141
0
0
0
0
0
0
0
0
0
0
0.449362
0
0
0.287593
0
0
0
0
0
0
0
0
0
0
0.45711
0
0
0.192879
0
0
0.3007
0
0
0
0.349285
0
0
0
0
0
0
0
0
0
0
0
0
0
0
0
0.092651
0
0
0
0
0
0
0
0
0
0.721276
0
0
1.57398
0
0.568809

0
0
0
0
0
0
0.218121
0
0
0
0
0.271805
0
0
0
0.339777
0
0
0
0
0
0
0
0
0
0.0156913
0.583682
0
0.601939
0
0
0
0.0215702
0
0
0
0
0
0
0
0
0.286544
0
0.286147
0
0
0.682977
0.339742
0
0
0
0.308832
0
0
0
0
0
0
0
0
0.329474
0
0
0
0
0
0.659598
0
0
0
0
0
0
0
0
0
0
0
0
0
0
0
0
0
0
0
0
0
0.24742
0
0
0
0
0
0.342866
0
0
0
0
0
0
0
0
0
0
0
1.09115
0
0
0
0
0
0
0
0.15662
0
0
0
0.940693
0
0
0
0
0
0
0.119111
0
0
0
0
0
0
0
0
0
0
0.400237
0
0
0.0643163
0
0
0
0
0
0
0
0
0
0
0.40305
0
0
0.192879
0
0
0
0
0
0
0.165965
0
0
0
0
0
0
0
0
0
0
0
0
0
0
0
0.092651
0
0
0
0
0
0
0
0
0
0.644813
0
0
1.34381
0
0.568809

0
0
0
0
0
0
0.218121
0
0
0
0
0.271805
0
0
0
0.339777
0
0
0
0
0
0
0
0
0
0.0156913
0.583682
0
0.601939
0
0
0
0.0215702
0
0
0
0
0
0
0
0
0.286544
0
0.286147
0
0
0.682977
0.339742
0
0
0
0.308832
0
0
0
0
0
0
0
0
0.329474
0
0
0
0
0
0.659598
0
0
0
0
0
0
0
0
0
0
0
0
0
0
0
0
0
0
0
0
0
0.24742
0
0
0
0
0
0.342866
0
0
0
0
0
0
0
0
0
0
0
1.09115
0
0
0
0
0
0
0
0.15662
0
0
0
0.940693
0
0
0
0
0
0
0.119111
0
0
0
0
0
0
0
0
0
0
0.400237
0
0
0.0643163
0
0
0
0
0
0
0
0
0
0
0.40305
0
0
0.192879
0
0
0
0
0
0
0.165965
0
0
0
0
0
0
0
0
0
0
0
0
0
0
0
0.092651
0
0
0
0
0
0
0
0
0
0.644813
0
0
1.34381
0
0.568809

0
0
0
0
0
0
0.218121
0
0
0
0
0.271805
0
0
0
0.339777
0
0
0
0
0
0
0
0
0
0.0156913
0.583682
0
0.601939
0
0
0
0.0215702
0
0
0
0
0
0
0
0
0.286544
0
0.286147
0
0
0.682977
0.339742
0
0
0
0.308832
0
0
0
0
0
0
0
0
0.329474
0
0
0
0
0
0.659598
0
0
0
0
0
0
0
0
0
0
0
0
0
0
0
0
0
0
0
0
0
0.24742
0
0
0
0
0
0.342866
0
0
0
0
0
0
0
0
0
0
0
1.09115
0
0
0
0
0
0
0
0.15662
0
0
0
0.940693
0
0
0
0
0
0
0.119111
0
0
0
0
0
0
0
0
0
0
0.400237
0
0
0.0643163
0
0
0
0
0
0
0
0
0
0
0.40305
0
0
0.192879
0
0
0
0
0
0
0.165965
0
0
0
0
0
0
0
0
0
0
0
0
0
0
0
0.092651
0
0
0
0
0
0
0
0
0
0.644813
0
0
1.34381
0
0.568809

0
0
0
0
0
0
0.218121
0
0
0
0
0.271805
0
0
0
0.339777
0
0
0
0
0
0
0
0
0
0.0156913
0.583682
0
0.601939
0
0
0
0.0215702
0
0
0
0
0
0
0
0
0.286544
0
0.286147
0
0
0.682977
0.339742
0
0
0
0.308832
0
0
0
0
0
0
0
0
0.329474
0
0
0
0
0
0.659598
0
0
0
0
0
0
0
0
0
0
0
0
0
0
0
0
0
0
0
0
0
0.24742
0
0
0
0
0
0.342866
0
0
0
0
0
0
0
0
0
0
0
1.09115
0
0
0
0
0
0
0
0.15662
0
0
0
0.940693
0
0
0
0
0
0
0.119111
0
0
0
0
0
0
0
0
0
0
0.400237
0
0
0.0643163
0
0
0
0
0
0
0
0
0
0
0.40305
0
0
0.192879
0
0
0
0
0
0
0.165965
0
0
0
0
0
0
0
0
0
0
0
0
0
0
0
0.092651
0
0
0
0
0
0
0
0
0
0.644813
0
0
1.34381
0
0.568809

0
0
0
0
0
0
0.218121
0
0
0
0
0.271805
0
0
0
0.339777
0
0
0
0
0
0
0
0
0
0.0156913
1.01853
0
0.897584
0
0
0
0.198308
0
0
0
0
0
0
0
0
0.286544
0
0.286147
0
0
0.730763
0.339742
0
0
0
0.308832
0
0
0
0
0
0
0
0
0.329474
0
0
0
0
0
0.659598
0
0
0
0
0
0
0
0
0
0
0
0
0
0
0.00525576
0
0
0
0
0
0
0.24742
0
0
0
0
0
0.355733
0
0
0
0
0
0
0
0
0.162013
0
0
1.09115
0
0
0
0
0
0
0
0.260281
0
0
0
0.940693
0
0
0
0.002684
0
0
0.165109
0
0
0
0
0
0
0
0
0
0.470323
0.400237
0
0
0.0643163
0
0
0
0
0
0
0
0
0
0
0.627741
0
0
0.192879
0
0
0
0
0
0
0.165965
0
0
0
0
0
0
0.0994493
0
0
0
0
0
0
0
0
0.284025
0
0
0
0
0
0
0
0
0
0.644813
0
0
1.34381
0
0.568809

0
0
0
0
0
0
0.386431
0
0
0
0
0.0697349
0
0.148613
0
0.52012
0
0
0
0
0
0
0
0
0
0
0.429847
0
0.619116
0
0.134659
0
0
0
0
0
0
0
0
0
0
0.895213
0
0.312704
1.2845
0
0.829993
1.14635
0
0
0
0.355277
0
0
0
0
0
0
0
0
0.397141
0
0
0
0
0.419984
0.529195
0
0
0
0
0.257459
0
0
0
0
0
0.655109
0
0.021431
0
0
0
0
0
0
0
0
0.519124
0
0
0
0
0
0.362101
0.00247359
0
0
0
0.944942
0.664106
0
0
0.115621
0.673059
0.1693
0.772054
0
0
0
0.166421
0
0
0
0.933005
0
0
0
0.53229
0.0735927
0
0
0.196484
0
0.238918
0.453766
0
0
0
0
0
0.00376117
0
0
0
0.0738671
0.151445
0.0641383
0
0.232529
0
0
0.656381
0
0
0
0
0
0
0
0.348423
0
0.533355
0.686294
0
0
0.217906
0
0
0
0.890991
0
0
0
0
0
0
0
0
0
0
0.226749
0
0
0
0
0.265564
0.124881
0
0
0
0
0
0
0
0
0.612586
0
0
1.55884
0
0.366465

0
0
0.0319469
0.0332929
0
0.216643
0
0.358508
0
0
0.0623685
0.560659
0.282578
0.032101
0
0.28143
0
0
0
0
0
0.220526
0.364981
0
0
0.0637179
0.985783
0.242146
0.597888
0
0.015087
0
0.170192
0.247009
0
0
0
0.378423
0
0.432419
0
0.954769
0
0.107818
0
0
0.290118
0.692727
0
0
0
0.726088
0
0
0
0
0
0.0395038
0
0.37187
0.235822
0
0.414784
0
0
0
0.869169
0.078998
0
0
0.235475
0.570935
0
0
0
1.10623
0
0
0.00481677
0
0
0
0
0
0
0
0
0.00294673
0.324719
0
0
0
0
0
0.54261
0
0
0.184851
0.332873
0
0
0
0.370118
0
0
0
0
0
0
0
0
0
0
0
0.851579
0
0
0
0.419596
0
0
0.0963936
0.483931
0
0
0.376058
0
0
0
0.252278
0
0.835842
0
0
0
0.441731
0.413687
0
0
0.103834
0
0
0
0
0
0
0.458593
0
0
0
0.198707
0.0545868
0
0.268303
0
0.622005
0.0184485
0
0
0
0.227363
0.828359
0.0452798
0.00830942
0.163483
0
0
0
0
0
0
0
0
0.703666
0
0
0.19594
0.0818455
0
0
0
0
0
0
0
0.239072
0.000391364
1.0139
0
0.718184
0.317046
0.447544

0
0
0
0.295277
0
0
0
0
0
0
0
0.135963
0
0
0
0.498199
0
0
0
0
0
0.637868
0
0
0
0.260634
0.952661
0
0.0158486
0
0
0
0
0.0338526
0
0
0
0
0
0
0
0.671412
0
0.0423533
0
0
0.264114
0.400086
0
0
0
0.834722
0
0
0
0
0
0
0
0
0.225436
0
0.0836268
0
0
0
0.709271
0
0
0
0
0.383244
0
0
0
0
0
0
0.0188047
0
0
0
0
0
0
0
0
0
0.292515
0
0
0
0
0.230462
0.623121
0
0
0
0.161614
0
0.0740263
0
0
0
0
0
0.710661
0
0
0
0
0
0
0
1.04128
0
0.128312
0
0.206627
0
0
0.0562406
0
0
0
0.178157
0
0
0
0
0
0
0
0
0
0.137373
0.170713
0
0
0.832728
0
0
0
0
0
0
0.0603909
0
0
0
0.334896
0
0
0.344436
0
0.197222
0.503351
0
0
0
0.228858
0
0
0
0
0
0
0
0
0
0
0
0
0
0
0
0
0
0
0
0
0
0.105657
0
0
0.202046
0.387999
0.654779
0
0.628311
0
0.528533

0
0
0
0.178333
0
0
0
0
0
0
0
0.135963
0
0
0
0.269902
0
0
0
0
0
0
0
0
0
0.115372
0.952661
0
0.0158486
0
0
0
0
0
0
0
0
0
0
0
0
0.671412
0
0.0423533
0
0
0.253487
0.302147
0
0
0
0.560003
0
0
0
0
0
0
0
0
0
0
0.0633997
0
0
0
0.709271
0
0
0
0
0.311192
0
0
0
0
0
0
0
0
0
0
0
0
0
0
0
0
0.268859
0
0
0
0
0
0.623121
0
0
0
0.161614
0
0
0
0
0
0
0
0.710661
0
0
0
0
0
0
0
0.637084
0
0
0
0.206627
0
0
0.0562406
0
0
0
0.0742669
0
0
0
0
0
0
0
0
0
0
0.170713
0
0
0.430709
0
0
0
0
0
0
0.0501874
0
0
0
0.132519
0
0
0.344436
0
0.197222
0
0
0
0
0.228858
0
0
0
0
0
0
0
0
0
0
0
0
0
0
0
0
0
0
0
0
0
0
0
0
0.202046
0.360746
0.524725
0
0.620423
0
0.500095

0
0
0
0.178333
0
0
0
0
0
0
0
0.135963
0
0
0
0.269902
0
0
0
0
0
0
0
0
0
0.115372
0.952661
0
0.0158486
0
0
0
0
0
0
0
0
0
0
0
0
0.671412
0
0.0423533
0
0
0.253487
0.302147
0
0
0
0.560003
0
0
0
0
0
0
0
0
0
0
0.0633997
0
0
0
0.709271
0
0
0
0
0.311192
0
0
0
0
0
0
0
0
0
0
0
0
0
0
0
0
0.268859
0
0
0
0
0
0.623121
0
0
0
0.161614
0
0
0
0
0
0
0
0.710661
0
0
0
0
0
0
0
0.637084
0
0
0
0.206627
0
0
0.0562406
0
0
0
0.0742669
0
0
0
0
0
0
0
0
0
0
0.170713
0
0
0.430709
0
0
0
0
0
0
0.0501874
0
0
0
0.132519
0
0
0.344436
0
0.197222
0
0
0
0
0.228858
0
0
0
0
0
0
0
0
0
0
0
0
0
0
0
0
0
0
0
0
0
0
0
0
0.202046
0.360746
0.524725
0
0.620423
0
0.500095

0
0
0
0.178333
0
0
0
0
0
0
0
0.135963
0
0
0
0.269902
0
0
0
0
0
0
0
0
0
0.115372
0.952661
0
0.0158486
0
0
0
0
0
0
0
0
0
0
0
0
0.671412
0
0.0423533
0
0
0.253487
0.302147
0
0
0
0.560003
0
0
0
0
0
0
0
0
0
0
0.0633997
0
0
0
0.709271
0
0
0
0
0.311192
0
0
0
0
0
0
0
0
0
0
0
0
0
0
0
0
0.268859
0
0
0
0
0
0.623121
0
0
0
0.161614
0
0
0
0
0
0
0
0.710661
0
0
0
0
0
0
0
0.637084
0
0
0
0.206627
0
0
0.0562406
0
0
0
0.0742669
0
0
0
0
0
0
0
0
0
0
0.170713
0
0
0.430709
0
0
0
0
0
0
0.0501874
0
0
0
0.132519
0
0
0.344436
0
0.197222
0
0
0
0
0.228858
0
0
0
0
0
0
0
0
0
0
0
0
0
0
0
0
0
0
0
0
0
0
0
0
0.202046
0.360746
0.524725
0
0.620423
0
0.500095

0
0
0
0.178333
0
0
0
0
0
0
0
0.135963
0
0
0
0.269902
0
0
0
0
0
0
0
0
0
0.115372
0.952661
0
0.0158486
0
0
0
0
0
0
0
0
0
0
0
0
0.671412
0
0.0423533
0
0
0.253487
0.302147
0
0
0
0.560003
0
0
0
0
0
0
0
0
0
0
0.0633997
0
0
0
0.709271
0
0
0
0
0.311192
0
0
0
0
0
0
0
0
0
0
0
0
0
0
0
0
0.268859
0
0
0
0
0
0.623121
0
0
0
0.161614
0
0
0
0
0
0
0
0.710661
0
0
0
0
0
0
0
0.637084
0
0
0
0.206627
0
0
0.0562406
0
0
0
0.0742669
0
0
0
0
0
0
0
0
0
0
0.170713
0
0
0.430709
0
0
0
0
0
0
0.0501874
0
0
0
0.132519
0
0
0.344436
0
0.197222
0
0
0
0
0.228858
0
0
0
0
0
0
0
0
0
0
0
0
0
0
0
0
0
0
0
0
0
0
0
0
0.202046
0.360746
0.524725
0
0.620423
0
0.500095

0
0
0
0.178595
0
0
0
0
0
0
0
0.135963
0
0
0
0.419197
0
0
0
0
0
0.0535578
0
0
0
0.174436
1.5853
0.0135773
0.288714
0
0
0
0.25327
0
0
0
0
0
0.166136
0
0
0.671412
0
0.54505
0
0
0.253487
0.302147
0
0
0
0.560003
0
0
0
0
0
0
0
0
0
0
0.250066
0
0
0
0.709271
0
0
0
0
0.425555
0
0
0
0.387247
0
0
0
0
0
0
0
0
0
0
0
0
0.268859
0
0
0
0
0
0.623121
0
0
0
0.161614
0
0
0
0
0
0
0
0.710661
0
0
0
0
0
0
0
0.720904
0
0
0
0.22207
0
0
0.365198
0
0
0
0.0919752
0
0
0
0
0
0
0
0
0
0.062848
0.170713
0
0
0.430709
0
0
0
0
0
0
0.0501874
0.11867
0
0
0.743935
0
0
0.344436
0
0.197222
0.415023
0
0
0
0.480208
0
0
0
0
0
0
0.218625
0
0
0
0
0
0
0
0
0.220997
0
0
0
0
0
0.00524634
0
0
0.368232
0.360746
0.524725
0
0.8925
0
0.500095

0
0
0
0.29459
0
0
0
0.00814402
0
0
0
0
0
0.126004
0
0.538929
0
0
0
0
0
1.04382
0
0
0
0
0.885314
0.377293
0.154165
0
0.173099
0
0
0
0
0
0
0
0
0
0
0.97186
0
0.0861405
1.23655
0
0.311061
0.858844
0
0
0
0.648683
0
0
0
0
0
0
0
0.289361
0.0152771
0
0
0
0
0.380587
0.437533
0
0
0
0
0.94421
0
0
0
0
0
0.473815
0.0572292
0
0
0
0
0
0
0
0
0
0.558195
0
0
0.0668235
0
0
0.392097
0
0
0
0.476823
0.097986
0.393267
0
0
0
0.394301
0.0441263
0.72331
0
0
0
0.225771
0
0.0739815
0
0.520672
0
0
0
0.168259
0.14933
0
0
0.178085
0
0
0.0863549
0
0
0
0.406303
0
0.514719
0
0
0
0
0.211698
0
0
0.768727
0
0
1.33651
0
0
0
0.137201
0
0
0
0.0730767
0
0.0317726
0.690649
0
0.227581
0.395561
0
0
0
0.738375
0
0.126046
0
0
0
0
0
0
0
0
0.372499
0
0
0
0
0.0269275
0.0617268
0
0
0.0715488
0
0.194023
0
0
0
0.52429
0.0843772
0
0.227093
0
0.732616

