0 0 0 0 0 0 0 0 0 0 0 0 0 0 0 0 0 0 0 0 0 0 0 0 0 0 0 0 0 0 0 0 
0 0.145356 0.145356 0.145356 0.145356 0.145356 0.145356 0.145356 0.145356 0.145356 0.145356 0.145356 0.145356 0.145356 0.145356 0.145356 0.145356 0.145356 0.145356 0.145356 0.145356 0.145356 0.145356 0.145356 0.145356 0.145356 0.145356 0.145356 0.145356 0.145356 0.145356 0 
0 0.145356 0.145356 0.145356 0.145356 0.145356 0.145356 0.145356 0.145356 0.145356 0.145356 0.145356 0.145356 0.145356 0.145356 0.145356 0.145356 0.145356 0.145356 0.145356 0.145356 0.145356 0.145356 0.145356 0.145356 0.145356 0.145356 0.145356 0.145356 0.145356 0.145356 0 
0 0.145356 0.145356 0.145356 0.145356 0.145356 0.145356 0.145356 0.145356 0.145356 0.145356 0.145356 0.145356 0.145356 0.145356 0.145356 0.145356 0.145356 0.145356 0.145356 0.145356 0.145356 0.145356 0.145356 0.145356 0.145356 0.145356 0.145356 0.145356 0.145356 0.145356 0 
0 0.145356 0.145356 0.145356 0.145356 0.145356 0.145356 0.145356 0.145356 0.145356 0.145356 0.145356 0.145356 0.145356 0.145356 0.145356 0.145356 0.145356 0.145356 0.145356 0.145356 0.145356 0.145356 0.145356 0.145356 0.145356 0.145356 0.145356 0.145356 0.145356 0.145356 0 
0 0.145356 0.145356 0.145356 0.145356 0.145356 0.145356 0.145356 0.145356 0.145356 0.145356 0.145356 0.145356 0.145356 0.145356 0.145356 0.145356 0.145356 0.145356 0.145356 0.145356 0.145356 0.145356 0.145356 0.145356 0.145356 0.145356 0.145356 0.145356 0.145356 0.145356 0 
0 0.145356 0.145356 0.145356 0.145356 0.145356 0.145356 0.145356 0.145356 0.145356 0.145356 0.145356 0.145356 0.145356 0.145356 0.145356 0.145356 0.145356 0.145356 0.145356 0.145356 0.145356 0.145356 0.145356 0.145356 0.145356 0.145356 0.145356 0.145356 0.145356 0.145356 0 
0 0.145356 0.145356 0.145356 0.145356 0.145356 0.145356 0.145356 0.145356 0.145356 0.145356 0.145356 0.145356 0.145356 0.145356 0.145356 0.145356 0.145356 0.145356 0.145356 0.145356 0.145356 0.145356 0.145356 0.145356 0.145356 0.145356 0.145356 0.145356 0.145356 0.145356 0 
0 0.145356 0.145356 0.145356 0.145356 0.145356 0.145356 0.145356 0.145356 0.145356 0.145356 0.145356 0.145356 0.145356 0.145356 0.145356 0.145356 0.145356 0.145356 0.145356 0.145356 0.145356 0.145356 0.145356 0.145356 0.145356 0.145356 0.145356 0.145356 0.145356 0.145356 0 
0 0.145356 0.145356 0.145356 0.145356 0.145356 0.145356 0.145356 0.145356 0.145356 0.145356 0.145356 0.145356 0.145356 0.145356 0.145356 0.145356 0.145356 0.145356 0.145356 0.145356 0.145356 0.145356 0.145356 0.145356 0.145356 0.145356 0.145356 0.145356 0.145356 0.145356 0 
0 0.145356 0.145356 0.145356 0.145356 0.145356 0.145356 0.145356 0.145356 0.145356 0.145356 0.145356 0.145356 0.145356 0.145356 0.145356 0.145356 0.145356 0.145356 0.145356 0.145356 0.145356 0.145356 0.145356 0.145356 0.145356 0.145356 0.145356 0.145356 0.145356 0.145356 0 
0 0.145356 0.145356 0.145356 0.145356 0.145356 0.145356 0.145356 0.145356 0.145356 0.145356 0.145356 0.145356 0.145356 0.145356 0.145356 0.145356 0.145356 0.145356 0.145356 0.145356 0.145356 0.145356 0.145356 0.145356 0.145356 0.145356 0.145356 0.145356 0.145356 0.145356 0 
0 0.145356 0.145356 0.145356 0.145356 0.145356 0.145356 0.145356 0.145356 0.145356 0.145356 0.145356 0.145356 0.145356 0.145356 0.145356 0.145356 0.145356 0.145356 0.145356 0.145356 0.145356 0.145356 0.145356 0.145356 0.145356 0.145356 0.145356 0.145356 0.145356 0.145356 0 
0 0.145356 0.145356 0.145356 0.145356 0.145356 0.145356 0.145356 0.145356 0.145356 0.145356 0.145356 0.145356 0.145356 0.145356 0.145356 0.145356 0.145356 0.145356 0.145356 0.145356 0.145356 0.145356 0.145356 0.145356 0.145356 0.145356 0.145356 0.145356 0.145356 0.145356 0 
0 0.145356 0.145356 0.145356 0.145356 0.145356 0.145356 0.145356 0.145356 0.145356 0.145356 0.145356 0.145356 0.145356 0.145356 0.145356 0.145356 0.145356 0.145356 0.145356 0.145356 0.145356 0.145356 0.145356 0.145356 0.145356 0.145356 0.145356 0.145356 0.145356 0.145356 0 
0 0.145356 0.145356 0.145356 0.145356 0.145356 0.145356 0.145356 0.145356 0.145356 0.145356 0.145356 0.145356 0.145356 0.145356 0.145356 0.145356 0.145356 0.145356 0.145356 0.145356 0.145356 0.145356 0.145356 0.145356 0.145356 0.145356 0.145356 0.145356 0.145356 0.145356 0 
0 0.145356 0.145356 0.145356 0.145356 0.145356 0.145356 0.145356 0.145356 0.145356 0.145356 0.145356 0.145356 0.145356 0.145356 0.145356 0.145356 0.145356 0.145356 0.145356 0.145356 0.145356 0.145356 0.145356 0.145356 0.145356 0.145356 0.145356 0.145356 0.145356 0.145356 0 
0 0.145356 0.145356 0.145356 0.145356 0.145356 0.145356 0.145356 0.145356 0.145356 0.145356 0.145356 0.145356 0.145356 0.145356 0.145356 0.145356 0.145356 0.145356 0.145356 0.145356 0.145356 0.145356 0.145356 0.145356 0.145356 0.145356 0.145356 0.145356 0.145356 0.145356 0 
0 0.145356 0.145356 0.145356 0.145356 0.145356 0.145356 0.145356 0.145356 0.145356 0.145356 0.145356 0.145356 0.145356 0.145356 0.145356 0.145356 0.145356 0.145356 0.145356 0.145356 0.145356 0.145356 0.145356 0.145356 0.145356 0.145356 0.145356 0.145356 0.145356 0.145356 0 
0 0.145356 0.145356 0.145356 0.145356 0.145356 0.145356 0.145356 0.145356 0.145356 0.145356 0.145356 0.145356 0.145356 0.145356 0.145356 0.145356 0.145356 0.145356 0.145356 0.145356 0.145356 0.145356 0.145356 0.145356 0.145356 0.145356 0.145356 0.145356 0.145356 0.145356 0 
0 0.145356 0.145356 0.145356 0.145356 0.145356 0.145356 0.145356 0.145356 0.145356 0.145356 0.145356 0.145356 0.145356 0.145356 0.145356 0.145356 0.145356 0.145356 0.145356 0.145356 0.145356 0.145356 0.145356 0.145356 0.145356 0.145356 0.145356 0.145356 0.145356 0.145356 0 
0 0.145356 0.145356 0.145356 0.145356 0.145356 0.145356 0.145356 0.145356 0.145356 0.145356 0.145356 0.145356 0.145356 0.145356 0.145356 0.145356 0.145356 0.145356 0.145356 0.145356 0.145356 0.145356 0.145356 0.145356 0.145356 0.145356 0.145356 0.145356 0.145356 0.145356 0 
0 0.145356 0.145356 0.145356 0.145356 0.145356 0.145356 0.145356 0.145356 0.145356 0.145356 0.145356 0.145356 0.145356 0.145356 0.145356 0.145356 0.145356 0.145356 0.145356 0.145356 0.145356 0.145356 0.145356 0.145356 0.145356 0.145356 0.145356 0.145356 0.145356 0.145356 0 
0 0.145356 0.145356 0.145356 0.145356 0.145356 0.145356 0.145356 0.145356 0.145356 0.145356 0.145356 0.145356 0.145356 0.145356 0.145356 0.145356 0.145356 0.145356 0.145356 0.145356 0.145356 0.145356 0.145356 0.145356 0.145356 0.145356 0.145356 0.145356 0.145356 0.145356 0 
0 0.145356 0.145356 0.145356 0.145356 0.145356 0.145356 0.145356 0.145356 0.145356 0.145356 0.145356 0.145356 0.145356 0.145356 0.145356 0.145356 0.145356 0.145356 0.145356 0.145356 0.145356 0.145356 0.145356 0.145356 0.145356 0.145356 0.145356 0.145356 0.145356 0.145356 0 
0 0.145356 0.145356 0.145356 0.145356 0.145356 0.145356 0.145356 0.145356 0.145356 0.145356 0.145356 0.145356 0.145356 0.145356 0.145356 0.145356 0.145356 0.145356 0.145356 0.145356 0.145356 0.145356 0.145356 0.145356 0.145356 0.145356 0.145356 0.145356 0.145356 0.145356 0 
0 0.145356 0.145356 0.145356 0.145356 0.145356 0.145356 0.145356 0.145356 0.145356 0.145356 0.145356 0.145356 0.145356 0.145356 0.145356 0.145356 0.145356 0.145356 0.145356 0.145356 0.145356 0.145356 0.145356 0.145356 0.145356 0.145356 0.145356 0.145356 0.145356 0.145356 0 
0 0.145356 0.145356 0.145356 0.145356 0.145356 0.145356 0.145356 0.145356 0.145356 0.145356 0.145356 0.145356 0.145356 0.145356 0.145356 0.145356 0.145356 0.145356 0.145356 0.145356 0.145356 0.145356 0.145356 0.145356 0.145356 0.145356 0.145356 0.145356 0.145356 0.145356 0 
0 0.145356 0.145356 0.145356 0.145356 0.145356 0.145356 0.145356 0.145356 0.145356 0.145356 0.145356 0.145356 0.145356 0.145356 0.145356 0.145356 0.145356 0.145356 0.145356 0.145356 0.145356 0.145356 0.145356 0.145356 0.145356 0.145356 0.145356 0.145356 0.145356 0.145356 0 
0 0.145356 0.145356 0.145356 0.145356 0.145356 0.145356 0.145356 0.145356 0.145356 0.145356 0.145356 0.145356 0.145356 0.145356 0.145356 0.145356 0.145356 0.145356 0.145356 0.145356 0.145356 0.145356 0.145356 0.145356 0.145356 0.145356 0.145356 0.145356 0.145356 0.145356 0 
0 0.145356 0.145356 0.145356 0.145356 0.145356 0.145356 0.145356 0.145356 0.145356 0.145356 0.145356 0.145356 0.145356 0.145356 0.145356 0.145356 0.145356 0.145356 0.145356 0.145356 0.145356 0.145356 0.145356 0.145356 0.145356 0.145356 0.145356 0.145356 0.145356 0.145356 0 
0 0 0 0 0 0 0 0 0 0 0 0 0 0 0 0 0 0 0 0 0 0 0 0 0 0 0 0 0 0 0 1.37883 
