-0.535863 -0.366010 -0.366010 -0.366010 -0.366010 -0.366010 -0.366010 -0.366010 -0.366010 -0.366010 -0.366010 -0.366010 -0.366010 -0.366010 -0.366010 -0.366010 -0.366010 -0.366010 -0.366010 -0.366010 -0.366010 -0.366010 -0.366010 -0.366010 -0.366010 -0.366010 -0.366010 -0.366010 -0.366010 -0.366010 -0.366010 -0.466506
-0.337961 -0.130091 -0.130091 -0.130091 -0.130091 -0.130091 -0.130091 -0.130091 -0.130091 -0.130091 -0.130091 -0.130091 -0.130091 -0.130091 -0.130091 -0.130091 -0.130091 -0.130091 -0.130091 -0.130091 -0.130091 -0.130091 -0.130091 -0.130091 -0.130091 -0.130091 -0.130091 -0.130091 -0.130091 -0.130091 -0.130091 -0.203999
-0.337961 -0.130091 -0.130091 -0.130091 -0.130091 -0.130091 -0.130091 -0.130091 -0.130091 -0.130091 -0.130091 -0.130091 -0.130091 -0.130091 -0.130091 -0.130091 -0.130091 -0.130091 -0.130091 -0.130091 -0.130091 -0.130091 -0.130091 -0.130091 -0.130091 -0.130091 -0.130091 -0.130091 -0.130091 -0.130091 -0.130091 -0.203999
-0.337961 -0.130091 -0.130091 -0.130091 -0.130091 -0.130091 -0.130091 -0.130091 -0.130091 -0.130091 -0.130091 -0.130091 -0.130091 -0.130091 -0.130091 -0.130091 -0.130091 -0.130091 -0.130091 -0.130091 -0.130091 -0.130091 -0.130091 -0.130091 -0.130091 -0.130091 -0.130091 -0.130091 -0.130091 -0.130091 -0.130091 -0.203999
-0.337961 -0.130091 -0.130091 -0.130091 -0.130091 -0.130091 -0.130091 -0.130091 -0.130091 -0.130091 -0.130091 -0.130091 -0.130091 -0.130091 -0.130091 -0.130091 -0.130091 -0.130091 -0.130091 -0.130091 -0.130091 -0.130091 -0.130091 -0.130091 -0.130091 -0.130091 -0.130091 -0.130091 -0.130091 -0.130091 -0.130091 -0.203999
-0.337961 -0.130091 -0.130091 -0.130091 -0.130091 -0.130091 -0.130091 -0.130091 -0.130091 -0.130091 -0.130091 -0.130091 -0.130091 -0.130091 -0.130091 -0.130091 -0.130091 -0.130091 -0.130091 -0.130091 -0.130091 -0.130091 -0.130091 -0.130091 -0.130091 -0.130091 -0.130091 -0.130091 -0.130091 -0.130091 -0.130091 -0.203999
-0.337961 -0.130091 -0.130091 -0.130091 -0.130091 -0.130091 -0.130091 -0.130091 -0.130091 -0.130091 -0.130091 -0.130091 -0.130091 -0.130091 -0.130091 -0.130091 -0.130091 -0.130091 -0.130091 -0.130091 -0.130091 -0.130091 -0.130091 -0.130091 -0.130091 -0.130091 -0.130091 -0.130091 -0.130091 -0.130091 -0.130091 -0.203999
-0.337961 -0.130091 -0.130091 -0.130091 -0.130091 -0.130091 -0.130091 -0.130091 -0.130091 -0.130091 -0.130091 -0.130091 -0.130091 -0.130091 -0.130091 -0.130091 -0.130091 -0.130091 -0.130091 -0.130091 -0.130091 -0.130091 -0.130091 -0.130091 -0.130091 -0.130091 -0.130091 -0.130091 -0.130091 -0.130091 -0.130091 -0.203999
-0.337961 -0.130091 -0.130091 -0.130091 -0.130091 -0.130091 -0.130091 -0.130091 -0.130091 -0.130091 -0.130091 -0.130091 -0.130091 -0.130091 -0.130091 -0.130091 -0.130091 -0.130091 -0.130091 -0.130091 -0.130091 -0.130091 -0.130091 -0.130091 -0.130091 -0.130091 -0.130091 -0.130091 -0.130091 -0.130091 -0.130091 -0.203999
-0.337961 -0.130091 -0.130091 -0.130091 -0.130091 -0.130091 -0.130091 -0.130091 -0.130091 -0.130091 -0.130091 -0.130091 -0.130091 -0.130091 -0.130091 -0.130091 -0.130091 -0.130091 -0.130091 -0.130091 -0.130091 -0.130091 -0.130091 -0.130091 -0.130091 -0.130091 -0.130091 -0.130091 -0.130091 -0.130091 -0.130091 -0.203999
-0.337961 -0.130091 -0.130091 -0.130091 -0.130091 -0.130091 -0.130091 -0.130091 -0.130091 -0.130091 -0.130091 -0.130091 -0.130091 -0.130091 -0.130091 -0.130091 -0.130091 -0.130091 -0.130091 -0.130091 -0.130091 -0.130091 -0.130091 -0.130091 -0.130091 -0.130091 -0.130091 -0.130091 -0.130091 -0.130091 -0.130091 -0.203999
-0.337961 -0.130091 -0.130091 -0.130091 -0.130091 -0.130091 -0.130091 -0.130091 -0.130091 -0.130091 -0.130091 -0.130091 -0.130091 -0.130091 -0.130091 -0.130091 -0.130091 -0.130091 -0.130091 -0.130091 -0.130091 -0.130091 -0.130091 -0.130091 -0.130091 -0.130091 -0.130091 -0.130091 -0.130091 -0.130091 -0.130091 -0.203999
-0.337961 -0.130091 -0.130091 -0.130091 -0.130091 -0.130091 -0.130091 -0.130091 -0.130091 -0.130091 -0.130091 -0.130091 -0.130091 -0.130091 -0.130091 -0.130091 -0.130091 -0.130091 -0.130091 -0.130091 -0.130091 -0.130091 -0.130091 -0.130091 -0.130091 -0.130091 -0.130091 -0.130091 -0.130091 -0.130091 -0.130091 -0.203999
-0.337961 -0.130091 -0.130091 -0.130091 -0.130091 -0.130091 -0.130091 -0.130091 -0.130091 -0.130091 -0.130091 -0.130091 -0.130091 -0.130091 -0.130091 -0.130091 -0.130091 -0.130091 -0.130091 -0.130091 -0.130091 -0.130091 -0.130091 -0.130091 -0.130091 -0.130091 -0.130091 -0.130091 -0.130091 -0.130091 -0.130091 -0.203999
-0.337961 -0.130091 -0.130091 -0.130091 -0.130091 -0.130091 -0.130091 -0.130091 -0.130091 -0.130091 -0.130091 -0.130091 -0.130091 -0.130091 -0.130091 -0.130091 -0.130091 -0.130091 -0.130091 -0.130091 -0.130091 -0.130091 -0.130091 -0.130091 -0.130091 -0.130091 -0.130091 -0.130091 -0.130091 -0.130091 -0.130091 -0.203999
-0.337961 -0.130091 -0.130091 -0.130091 -0.130091 -0.130091 -0.130091 -0.130091 -0.130091 -0.130091 -0.130091 -0.130091 -0.130091 -0.130091 -0.130091 -0.130091 -0.130091 -0.130091 -0.130091 -0.130091 -0.130091 -0.130091 -0.130091 -0.130091 -0.130091 -0.130091 -0.130091 -0.130091 -0.130091 -0.130091 -0.130091 -0.203999
-0.337961 -0.130091 -0.130091 -0.130091 -0.130091 -0.130091 -0.130091 -0.130091 -0.130091 -0.130091 -0.130091 -0.130091 -0.130091 -0.130091 -0.130091 -0.130091 -0.130091 -0.130091 -0.130091 -0.130091 -0.130091 -0.130091 -0.130091 -0.130091 -0.130091 -0.130091 -0.130091 -0.130091 -0.130091 -0.130091 -0.130091 -0.203999
-0.337961 -0.130091 -0.130091 -0.130091 -0.130091 -0.130091 -0.130091 -0.130091 -0.130091 -0.130091 -0.130091 -0.130091 -0.130091 -0.130091 -0.130091 -0.130091 -0.130091 -0.130091 -0.130091 -0.130091 -0.130091 -0.130091 -0.130091 -0.130091 -0.130091 -0.130091 -0.130091 -0.130091 -0.130091 -0.130091 -0.130091 -0.203999
-0.337961 -0.130091 -0.130091 -0.130091 -0.130091 -0.130091 -0.130091 -0.130091 -0.130091 -0.130091 -0.130091 -0.130091 -0.130091 -0.130091 -0.130091 -0.130091 -0.130091 -0.130091 -0.130091 -0.130091 -0.130091 -0.130091 -0.130091 -0.130091 -0.130091 -0.130091 -0.130091 -0.130091 -0.130091 -0.130091 -0.130091 -0.203999
-0.337961 -0.130091 -0.130091 -0.130091 -0.130091 -0.130091 -0.130091 -0.130091 -0.130091 -0.130091 -0.130091 -0.130091 -0.130091 -0.130091 -0.130091 -0.130091 -0.130091 -0.130091 -0.130091 -0.130091 -0.130091 -0.130091 -0.130091 -0.130091 -0.130091 -0.130091 -0.130091 -0.130091 -0.130091 -0.130091 -0.130091 -0.203999
-0.337961 -0.130091 -0.130091 -0.130091 -0.130091 -0.130091 -0.130091 -0.130091 -0.130091 -0.130091 -0.130091 -0.130091 -0.130091 -0.130091 -0.130091 -0.130091 -0.130091 -0.130091 -0.130091 -0.130091 -0.130091 -0.130091 -0.130091 -0.130091 -0.130091 -0.130091 -0.130091 -0.130091 -0.130091 -0.130091 -0.130091 -0.203999
-0.337961 -0.130091 -0.130091 -0.130091 -0.130091 -0.130091 -0.130091 -0.130091 -0.130091 -0.130091 -0.130091 -0.130091 -0.130091 -0.130091 -0.130091 -0.130091 -0.130091 -0.130091 -0.130091 -0.130091 -0.130091 -0.130091 -0.130091 -0.130091 -0.130091 -0.130091 -0.130091 -0.130091 -0.130091 -0.130091 -0.130091 -0.203999
-0.337961 -0.130091 -0.130091 -0.130091 -0.130091 -0.130091 -0.130091 -0.130091 -0.130091 -0.130091 -0.130091 -0.130091 -0.130091 -0.130091 -0.130091 -0.130091 -0.130091 -0.130091 -0.130091 -0.130091 -0.130091 -0.130091 -0.130091 -0.130091 -0.130091 -0.130091 -0.130091 -0.130091 -0.130091 -0.130091 -0.130091 -0.203999
-0.337961 -0.130091 -0.130091 -0.130091 -0.130091 -0.130091 -0.130091 -0.130091 -0.130091 -0.130091 -0.130091 -0.130091 -0.130091 -0.130091 -0.130091 -0.130091 -0.130091 -0.130091 -0.130091 -0.130091 -0.130091 -0.130091 -0.130091 -0.130091 -0.130091 -0.130091 -0.130091 -0.130091 -0.130091 -0.130091 -0.130091 -0.203999
-0.337961 -0.130091 -0.130091 -0.130091 -0.130091 -0.130091 -0.130091 -0.130091 -0.130091 -0.130091 -0.130091 -0.130091 -0.130091 -0.130091 -0.130091 -0.130091 -0.130091 -0.130091 -0.130091 -0.130091 -0.130091 -0.130091 -0.130091 -0.130091 -0.130091 -0.130091 -0.130091 -0.130091 -0.130091 -0.130091 -0.130091 -0.203999
-0.337961 -0.130091 -0.130091 -0.130091 -0.130091 -0.130091 -0.130091 -0.130091 -0.130091 -0.130091 -0.130091 -0.130091 -0.130091 -0.130091 -0.130091 -0.130091 -0.130091 -0.130091 -0.130091 -0.130091 -0.130091 -0.130091 -0.130091 -0.130091 -0.130091 -0.130091 -0.130091 -0.130091 -0.130091 -0.130091 -0.130091 -0.203999
-0.337961 -0.130091 -0.130091 -0.130091 -0.130091 -0.130091 -0.130091 -0.130091 -0.130091 -0.130091 -0.130091 -0.130091 -0.130091 -0.130091 -0.130091 -0.130091 -0.130091 -0.130091 -0.130091 -0.130091 -0.130091 -0.130091 -0.130091 -0.130091 -0.130091 -0.130091 -0.130091 -0.130091 -0.130091 -0.130091 -0.130091 -0.203999
-0.337961 -0.130091 -0.130091 -0.130091 -0.130091 -0.130091 -0.130091 -0.130091 -0.130091 -0.130091 -0.130091 -0.130091 -0.130091 -0.130091 -0.130091 -0.130091 -0.130091 -0.130091 -0.130091 -0.130091 -0.130091 -0.130091 -0.130091 -0.130091 -0.130091 -0.130091 -0.130091 -0.130091 -0.130091 -0.130091 -0.130091 -0.203999
-0.337961 -0.130091 -0.130091 -0.130091 -0.130091 -0.130091 -0.130091 -0.130091 -0.130091 -0.130091 -0.130091 -0.130091 -0.130091 -0.130091 -0.130091 -0.130091 -0.130091 -0.130091 -0.130091 -0.130091 -0.130091 -0.130091 -0.130091 -0.130091 -0.130091 -0.130091 -0.130091 -0.130091 -0.130091 -0.130091 -0.130091 -0.203999
-0.337961 -0.130091 -0.130091 -0.130091 -0.130091 -0.130091 -0.130091 -0.130091 -0.130091 -0.130091 -0.130091 -0.130091 -0.130091 -0.130091 -0.130091 -0.130091 -0.130091 -0.130091 -0.130091 -0.130091 -0.130091 -0.130091 -0.130091 -0.130091 -0.130091 -0.130091 -0.130091 -0.130091 -0.130091 -0.130091 -0.130091 -0.203999
-0.337961 -0.130091 -0.130091 -0.130091 -0.130091 -0.130091 -0.130091 -0.130091 -0.130091 -0.130091 -0.130091 -0.130091 -0.130091 -0.130091 -0.130091 -0.130091 -0.130091 -0.130091 -0.130091 -0.130091 -0.130091 -0.130091 -0.130091 -0.130091 -0.130091 -0.130091 -0.130091 -0.130091 -0.130091 -0.130091 -0.130091 -0.203999
-0.499510 -0.276915 -0.276915 -0.276915 -0.276915 -0.276915 -0.276915 -0.276915 -0.276915 -0.276915 -0.276915 -0.276915 -0.276915 -0.276915 -0.276915 -0.276915 -0.276915 -0.276915 -0.276915 -0.276915 -0.276915 -0.276915 -0.276915 -0.276915 -0.276915 -0.276915 -0.276915 -0.276915 -0.276915 -0.276915 -0.276915 -0.067996

