-5.314122 -6.401636 -5.511728 -4.225111 -4.225111 -4.225111 -4.225111 -4.225111 -4.225111 -4.225111 -4.225111 -4.225111 -4.225111 -3.859703 -1.499281 -2.224615
-6.318968 -6.309745 -7.570092 -6.151952 -6.151952 -6.151952 -6.151952 -6.151952 -6.151952 -6.151952 -6.151952 -6.151952 -6.151952 -5.741043 -5.050935 -7.345278
-4.700689 -6.961491 -7.363587 -6.104455 -6.104455 -6.104455 -6.104455 -6.104455 -6.104455 -6.104455 -6.104455 -6.104455 -6.104455 -6.670138 -4.951195 -5.925977
-3.967097 -5.025486 -5.660669 -4.246194 -4.246194 -4.246194 -4.246194 -4.246194 -4.246194 -4.246194 -4.246194 -4.246194 -4.246194 -4.717501 -3.236564 -4.006000
-3.967097 -5.025486 -5.660669 -4.246194 -4.246194 -4.246194 -4.246194 -4.246194 -4.246194 -4.246194 -4.246194 -4.246194 -4.246194 -4.717501 -3.236564 -4.006000
-3.967097 -5.025486 -5.660669 -4.246194 -4.246194 -4.246194 -4.246194 -4.246194 -4.246194 -4.246194 -4.246194 -4.246194 -4.246194 -4.717501 -3.236564 -4.006000
-3.967097 -5.025486 -5.660669 -4.246194 -4.246194 -4.246194 -4.246194 -4.246194 -4.246194 -4.246194 -4.246194 -4.246194 -4.246194 -4.717501 -3.236564 -4.006000
-3.967097 -5.025486 -5.660669 -4.246194 -4.246194 -4.246194 -4.246194 -4.246194 -4.246194 -4.246194 -4.246194 -4.246194 -4.246194 -4.717501 -3.236564 -4.006000
-3.967097 -5.025486 -5.660669 -4.246194 -4.246194 -4.246194 -4.246194 -4.246194 -4.246194 -4.246194 -4.246194 -4.246194 -4.246194 -4.717501 -3.236564 -4.006000
-3.967097 -5.025486 -5.660669 -4.246194 -4.246194 -4.246194 -4.246194 -4.246194 -4.246194 -4.246194 -4.246194 -4.246194 -4.246194 -4.717501 -3.236564 -4.006000
-3.967097 -5.025486 -5.660669 -4.246194 -4.246194 -4.246194 -4.246194 -4.246194 -4.246194 -4.246194 -4.246194 -4.246194 -4.246194 -4.717501 -3.236564 -4.006000
-3.967097 -5.025486 -5.660669 -4.246194 -4.246194 -4.246194 -4.246194 -4.246194 -4.246194 -4.246194 -4.246194 -4.246194 -4.246194 -4.717501 -3.236564 -4.006000
-3.967097 -5.025486 -5.660669 -4.246194 -4.246194 -4.246194 -4.246194 -4.246194 -4.246194 -4.246194 -4.246194 -4.246194 -4.246194 -4.717501 -3.236564 -4.006000
-4.529556 -6.455870 -7.151019 -5.771094 -5.771094 -5.771094 -5.771094 -5.771094 -5.771094 -5.771094 -5.771094 -5.771094 -5.771094 -7.126620 -4.499694 -5.077070
-4.983273 -6.413260 -7.094036 -5.203984 -5.203984 -5.203984 -5.203984 -5.203984 -5.203984 -5.203984 -5.203984 -5.203984 -5.203984 -5.462137 -4.866019 -5.776952
-2.000505 -3.861447 -4.826439 -3.466827 -3.466827 -3.466827 -3.466827 -3.466827 -3.466827 -3.466827 -3.466827 -3.466827 -3.466827 -2.530872 -1.505284 -3.740968

