0.145356 0.145356 0.145356 0.145356 0.145356 0.145356 0.145356 0.145356 0.145356 0.145356 0.145356 0.145356 0.145356 0.145356 0.145356 0.145356
0.145356 0.145356 0.145356 0.145356 0.145356 0.145356 0.145356 0.145356 0.145356 0.145356 0.145356 0.145356 0.145356 0.145356 0.145356 0.145356
0.145356 0.145356 0.145356 0.145356 0.145356 0.145356 0.145356 0.145356 0.145356 0.145356 0.145356 0.145356 0.145356 0.145356 0.145356 0.145356
0.145356 0.145356 0.145356 0.145356 0.145356 0.145356 0.145356 0.145356 0.145356 0.145356 0.145356 0.145356 0.145356 0.145356 0.145356 0.145356
0.145356 0.145356 0.145356 0.145356 0.145356 0.145356 0.145356 0.145356 0.145356 0.145356 0.145356 0.145356 0.145356 0.145356 0.145356 0.145356
0.145356 0.145356 0.145356 0.145356 0.145356 0.145356 0.145356 0.145356 0.145356 0.145356 0.145356 0.145356 0.145356 0.145356 0.145356 0.145356
0.145356 0.145356 0.145356 0.145356 0.145356 0.145356 0.145356 0.145356 0.145356 0.145356 0.145356 0.145356 0.145356 0.145356 0.145356 0.145356
0.145356 0.145356 0.145356 0.145356 0.145356 0.145356 0.145356 0.145356 0.145356 0.145356 0.145356 0.145356 0.145356 0.145356 0.145356 0.145356
0.145356 0.145356 0.145356 0.145356 0.145356 0.145356 0.145356 0.145356 0.145356 0.145356 0.145356 0.145356 0.145356 0.145356 0.145356 0.145356
0.145356 0.145356 0.145356 0.145356 0.145356 0.145356 0.145356 0.145356 0.145356 0.145356 0.145356 0.145356 0.145356 0.145356 0.145356 0.145356
0.145356 0.145356 0.145356 0.145356 0.145356 0.145356 0.145356 0.145356 0.145356 0.145356 0.145356 0.145356 0.145356 0.145356 0.145356 0.145356
0.145356 0.145356 0.145356 0.145356 0.145356 0.145356 0.145356 0.145356 0.145356 0.145356 0.145356 0.145356 0.145356 0.145356 0.145356 0.145356
0.145356 0.145356 0.145356 0.145356 0.145356 0.145356 0.145356 0.145356 0.145356 0.145356 0.145356 0.145356 0.145356 0.145356 0.145356 0.145356
0.145356 0.145356 0.145356 0.145356 0.145356 0.145356 0.145356 0.145356 0.145356 0.145356 0.145356 0.145356 0.145356 0.145356 0.145356 0.145356
0.145356 0.145356 0.145356 0.145356 0.145356 0.145356 0.145356 0.145356 0.145356 0.145356 0.145356 0.145356 0.145356 0.145356 0.145356 0.145356
0.145356 0.145356 0.145356 0.145356 0.145356 0.145356 0.145356 0.145356 0.145356 0.145356 0.145356 0.145356 0.145356 0.145356 0.145356 1.378826

